date,股票代码,open,close,high,low,volume,成交额,振幅,涨跌幅,涨跌额,换手率
2015-10-21,000668,31.31,31.31,31.31,31.31,169,529139.0,0.0,-10.0,-3.48,0.01
2015-10-22,000668,28.18,28.18,28.18,28.18,493,1389274.0,0.0,-10.0,-3.13,0.03
2015-10-23,000668,25.36,26.05,28.17,25.36,363248,940731760.0,9.97,-7.56,-2.13,24.76
2015-10-26,000668,25.11,23.45,25.11,23.45,303895,719943360.0,6.37,-9.98,-2.6,20.72
2015-10-27,000668,22.01,22.0,22.68,21.15,199653,434727856.0,6.52,-6.18,-1.45,13.61
2015-10-28,000668,22.01,23.0,23.94,21.68,200722,453946800.0,10.27,4.55,1.0,13.68
2015-10-29,000668,22.41,22.24,22.7,21.81,105241,234373272.0,3.87,-3.3,-0.76,7.17
2015-10-30,000668,21.9,21.63,22.29,21.41,70761,154461669.0,3.96,-2.74,-0.61,4.82
2015-11-02,000668,21.46,21.2,22.05,21.0,59105,127264228.0,4.85,-1.99,-0.43,4.03
2015-11-03,000668,21.15,21.5,21.5,21.01,67449,143400564.0,2.31,1.42,0.3,4.6
2015-11-04,000668,21.43,22.1,22.53,21.42,77445,170512867.0,5.16,2.79,0.6,5.28
2015-11-05,000668,22.1,21.75,22.41,21.57,80874,177127657.0,3.8,-1.58,-0.35,5.51
2015-11-06,000668,21.57,21.9,22.17,21.57,87964,193519457.0,2.76,0.69,0.15,6.0
2015-11-09,000668,21.8,22.3,22.52,21.7,91002,201714194.0,3.74,1.83,0.4,6.2
2015-11-10,000668,22.2,22.27,22.55,22.01,75321,167543135.0,2.42,-0.13,-0.03,5.13
2015-11-11,000668,22.15,22.61,22.76,22.12,79151,178009810.0,2.87,1.53,0.34,5.4
2015-11-12,000668,22.42,22.55,22.85,22.29,86225,194040493.0,2.48,-0.27,-0.06,5.88
2015-11-13,000668,22.43,21.89,22.8,21.83,81504,181800935.0,4.3,-2.93,-0.66,5.56
2015-11-16,000668,21.29,22.39,22.69,21.11,68161,150258310.0,7.22,2.28,0.5,4.65
2015-11-17,000668,22.3,23.2,23.48,22.2,117751,267851380.0,5.72,3.62,0.81,8.03
2015-11-18,000668,23.19,23.9,24.59,22.9,128766,309377280.0,7.28,3.02,0.7,8.78
2015-11-19,000668,24.2,23.63,24.3,23.11,83345,196178094.0,4.98,-1.13,-0.27,5.68
2015-11-20,000668,23.66,23.75,24.2,23.16,83017,195864657.0,4.4,0.51,0.12,5.66
2015-11-23,000668,23.59,23.43,24.12,23.08,62367,147217490.0,4.38,-1.35,-0.32,4.25
2015-11-24,000668,23.38,23.52,23.63,23.03,45660,106824293.0,2.56,0.38,0.09,3.11
2015-11-25,000668,23.47,23.72,23.95,23.41,50534,119636849.0,2.3,0.85,0.2,3.45
2015-11-26,000668,23.74,24.76,25.53,23.74,86282,213825350.0,7.55,4.38,1.04,5.88
2015-11-27,000668,24.85,22.38,25.35,22.38,63944,152265847.0,12.0,-9.61,-2.38,4.36
2015-11-30,000668,22.4,23.15,23.3,21.65,64867,146714407.0,7.37,3.44,0.77,4.42
2015-12-01,000668,23.15,24.23,24.97,22.82,63088,151753267.0,9.29,4.67,1.08,4.3
2015-12-02,000668,26.65,26.65,26.65,25.93,65629,174813040.0,2.97,9.99,2.42,4.47
2015-12-03,000668,28.0,29.32,29.32,27.53,96261,276208768.0,6.72,10.02,2.67,6.56
2015-12-04,000668,29.44,28.43,30.97,28.31,123709,362467248.0,9.07,-3.04,-0.89,8.43
2015-12-07,000668,28.5,28.56,28.96,27.83,85720,240815526.0,3.97,0.46,0.13,5.84
2015-12-08,000668,28.1,29.13,29.45,27.16,83811,237528028.0,8.02,2.0,0.57,5.71
2015-12-09,000668,28.57,29.4,29.85,28.05,74246,216695788.0,6.18,0.93,0.27,5.06
2015-12-10,000668,29.2,29.16,29.61,28.43,50184,145708437.0,4.01,-0.82,-0.24,3.42
2015-12-11,000668,28.83,28.85,30.0,28.8,43227,126607674.0,4.12,-1.06,-0.31,2.95
2015-12-14,000668,28.31,28.0,28.96,27.58,56975,159715001.0,4.78,-2.95,-0.85,3.88
2015-12-15,000668,27.99,27.88,28.07,27.56,46748,129974103.0,1.82,-0.43,-0.12,3.19
2015-12-16,000668,28.02,27.97,28.49,27.72,42116,117842811.0,2.76,0.32,0.09,2.87
2015-12-17,000668,27.99,28.73,28.83,27.8,78623,222651143.0,3.68,2.72,0.76,5.36
2015-12-18,000668,28.3,28.15,29.2,27.88,66229,188525818.0,4.59,-2.02,-0.58,4.51
2015-12-21,000668,28.12,27.32,28.17,27.3,59000,163353433.0,3.09,-2.95,-0.83,4.02
2015-12-22,000668,27.53,29.19,29.41,27.45,77304,220594065.0,7.17,6.84,1.87,5.27
2015-12-23,000668,28.9,28.49,28.92,28.31,42973,122840694.0,2.09,-2.4,-0.7,2.93
2015-12-24,000668,28.33,28.7,29.29,27.75,45782,130001398.0,5.41,0.74,0.21,3.12
2015-12-25,000668,28.69,29.0,29.38,28.57,46544,134950983.0,2.82,1.05,0.3,3.17
2015-12-28,000668,29.06,28.2,30.58,28.0,92065,271494224.0,8.9,-2.76,-0.8,6.28
2015-12-29,000668,28.4,28.21,28.6,27.78,41310,116073740.0,2.91,0.04,0.01,2.82
2015-12-30,000668,28.23,28.82,28.94,28.01,36706,104053147.0,3.3,2.16,0.61,2.5
2015-12-31,000668,28.93,29.35,29.68,28.5,46424,135707883.0,4.09,1.84,0.53,3.16
2016-01-04,000668,29.2,26.42,29.49,26.42,48313,133711582.0,10.46,-9.98,-2.93,3.29
2016-01-05,000668,23.9,25.48,26.48,23.78,93301,230792581.0,10.22,-3.56,-0.94,6.36
2016-01-06,000668,25.04,25.48,25.67,24.53,43299,108946042.0,4.47,0.0,0.0,2.95
2016-01-07,000668,24.76,22.93,25.58,22.93,10486,25180316.0,10.4,-10.01,-2.55,0.71
2016-01-08,000668,23.8,22.85,23.99,21.02,48027,108776492.0,12.95,-0.35,-0.08,3.27
2016-01-11,000668,21.88,20.57,21.94,20.57,61439,129154866.0,6.0,-9.98,-2.28,4.19
2016-01-12,000668,19.9,19.66,20.5,18.95,52147,102702782.0,7.54,-4.42,-0.91,3.55
2016-01-13,000668,19.75,19.61,20.58,19.27,44783,89818170.0,6.66,-0.25,-0.05,3.05
2016-01-14,000668,18.98,19.97,19.97,18.5,34350,66656890.0,7.5,1.84,0.36,2.34
2016-01-15,000668,19.75,19.92,20.68,19.6,37856,75978110.0,5.41,-0.25,-0.05,2.58
2016-01-18,000668,18.8,20.0,20.8,18.8,41043,81235868.0,10.04,0.4,0.08,2.8
2016-01-19,000668,19.97,20.63,20.77,19.71,33137,67076647.0,5.3,3.15,0.63,2.26
2016-01-20,000668,20.46,21.18,21.49,20.3,37443,78072403.0,5.77,2.67,0.55,2.55
2016-01-21,000668,20.85,20.0,21.35,20.0,30998,64511322.0,6.37,-5.57,-1.18,2.11
2016-01-22,000668,20.37,21.01,21.1,19.7,35448,72333035.0,7.0,5.05,1.01,2.42
2016-01-25,000668,20.73,21.28,21.8,20.73,21240,45314215.0,5.09,1.29,0.27,1.45
2016-01-26,000668,20.95,19.15,21.18,19.15,31151,62383403.0,9.54,-10.01,-2.13,2.12
2016-01-27,000668,19.0,18.88,19.33,17.32,35769,65863717.0,10.5,-1.41,-0.27,2.44
2016-01-28,000668,18.66,17.89,19.38,17.89,24389,45271208.0,7.89,-5.24,-0.99,1.66
2016-01-29,000668,17.82,19.28,19.65,17.7,23404,43465758.0,10.9,7.77,1.39,1.6
2016-02-01,000668,19.0,18.7,19.18,18.01,12206,22859399.0,6.07,-3.01,-0.58,0.83
2016-02-02,000668,18.75,19.7,19.87,18.66,26213,50664342.0,6.47,5.35,1.0,1.79
2016-02-03,000668,19.54,19.93,20.0,19.31,16204,31937898.0,3.5,1.17,0.23,1.1
2016-02-04,000668,19.94,20.31,20.57,19.94,23192,47174350.0,3.16,1.91,0.38,1.58
2016-02-05,000668,20.32,20.05,20.65,19.9,19107,38828955.0,3.69,-1.28,-0.26,1.3
2016-02-15,000668,19.11,19.7,19.98,19.11,15328,29917943.0,4.34,-1.75,-0.35,1.04
2016-02-16,000668,19.69,20.58,20.7,19.69,21179,42986574.0,5.13,4.47,0.88,1.44
2016-02-17,000668,20.42,21.05,21.12,20.3,26702,55021961.0,3.98,2.28,0.47,1.82
2016-02-18,000668,21.12,20.44,21.15,20.31,19413,40260060.0,3.99,-2.9,-0.61,1.32
2016-02-19,000668,20.24,20.9,21.3,20.2,27152,56535880.0,5.38,2.25,0.46,1.85
2016-02-22,000668,20.96,21.28,21.53,20.63,26024,55175714.0,4.31,1.82,0.38,1.77
2016-02-23,000668,21.39,20.7,21.39,20.45,21778,45454511.0,4.42,-2.73,-0.58,1.48
2016-02-24,000668,20.8,20.5,20.88,20.09,16422,33595879.0,3.82,-0.97,-0.2,1.12
2016-02-25,000668,20.5,19.1,20.98,19.09,45040,91026311.0,9.22,-6.83,-1.4,3.07
2016-02-26,000668,19.3,18.85,19.6,18.32,22120,41738616.0,6.7,-1.31,-0.25,1.51
2016-02-29,000668,18.58,17.6,18.58,16.97,44863,77099837.0,8.54,-6.63,-1.25,3.06
2016-03-01,000668,17.65,17.91,18.29,17.03,24990,43891658.0,7.16,1.76,0.31,1.7
2016-03-02,000668,17.79,18.81,19.09,17.7,25530,46873558.0,7.76,5.03,0.9,1.74
2016-03-03,000668,18.97,18.7,19.28,18.31,22756,43121917.0,5.16,-0.58,-0.11,1.55
2016-03-04,000668,18.58,18.37,18.9,17.7,25353,46602799.0,6.42,-1.76,-0.33,1.73
2016-03-07,000668,18.59,18.81,18.98,18.45,13755,25768204.0,2.89,2.4,0.44,0.94
2016-03-08,000668,18.84,18.8,18.87,17.85,18013,33039681.0,5.42,-0.05,-0.01,1.23
2016-03-09,000668,18.27,18.3,18.6,17.98,27333,49935887.0,3.3,-2.66,-0.5,1.86
2016-03-10,000668,18.39,17.96,18.47,17.88,14295,25984321.0,3.22,-1.86,-0.34,0.97
2016-03-11,000668,17.9,18.1,18.15,17.6,10732,19295069.0,3.06,0.78,0.14,0.73
2016-03-14,000668,18.22,18.69,18.9,18.11,13283,24772077.0,4.36,3.26,0.59,0.91
2016-03-15,000668,18.64,18.76,19.2,18.64,14596,27579132.0,3.0,0.37,0.07,1.0
2016-03-16,000668,19.6,19.6,20.64,19.16,33622,66879637.0,7.89,4.48,0.84,2.29
2016-03-17,000668,19.38,20.19,20.37,19.0,31241,61456858.0,6.99,3.01,0.59,2.13
2016-03-18,000668,20.01,20.49,20.77,19.87,40033,81014762.0,4.46,1.49,0.3,2.73
2016-03-21,000668,22.54,22.54,22.54,22.23,31560,71130624.0,1.51,10.0,2.05,2.15
2016-03-22,000668,22.2,23.29,24.15,22.0,73780,171741194.0,9.54,3.33,0.75,5.03
2016-03-23,000668,22.72,23.16,24.6,22.72,38586,90837536.0,8.07,-0.56,-0.13,2.63
2016-03-24,000668,23.0,22.89,23.62,22.83,36438,84660993.0,3.41,-1.17,-0.27,2.48
2016-03-25,000668,22.6,23.51,23.71,22.49,39018,90928401.0,5.33,2.71,0.62,2.66
2016-03-28,000668,23.5,23.94,24.49,22.6,43911,105471014.0,8.04,1.83,0.43,2.99
2016-03-29,000668,23.7,23.2,24.66,22.9,28313,67061483.0,7.35,-3.09,-0.74,1.93
2016-03-30,000668,23.18,24.29,24.38,22.7,60453,142768124.0,7.24,4.7,1.09,4.12
2016-03-31,000668,24.12,24.29,24.55,23.83,28604,68990501.0,2.96,0.0,0.0,1.95
2016-04-01,000668,24.2,24.64,24.84,23.8,42547,103604850.0,4.28,1.44,0.35,2.9
2016-04-05,000668,24.63,24.86,25.06,24.16,55309,136448562.0,3.65,0.89,0.22,3.77
2016-04-06,000668,24.52,24.59,24.83,24.2,38079,93513531.0,2.53,-1.09,-0.27,2.6
2016-04-07,000668,24.59,23.93,24.77,23.9,27124,65949539.0,3.54,-2.68,-0.66,1.85
2016-04-08,000668,23.8,23.75,24.45,23.63,32255,77306099.0,3.43,-0.75,-0.18,2.2
2016-04-11,000668,24.04,24.26,24.26,23.75,31443,75410972.0,2.15,2.15,0.51,2.14
2016-04-12,000668,24.23,23.93,24.34,23.6,24726,59140698.0,3.05,-1.36,-0.33,1.69
2016-04-13,000668,23.97,24.19,24.45,23.97,25133,60993086.0,2.01,1.09,0.26,1.71
2016-04-14,000668,24.45,24.89,25.15,24.01,49486,121602118.0,4.71,2.89,0.7,3.37
2016-04-15,000668,24.76,25.6,25.8,24.66,62071,157668168.0,4.58,2.85,0.71,4.23
2016-04-18,000668,25.5,24.89,25.84,24.72,42568,107807149.0,4.38,-2.77,-0.71,2.9
2016-04-19,000668,25.0,25.88,26.1,24.81,50316,128925638.0,5.18,3.98,0.99,3.43
2016-04-20,000668,26.02,24.39,26.12,23.3,71668,176036555.0,10.9,-5.76,-1.49,4.89
2016-04-21,000668,24.01,24.38,24.97,23.75,44149,107718323.0,5.0,-0.04,-0.01,3.01
2016-04-22,000668,23.9,24.7,24.75,23.88,26365,63980205.0,3.57,1.31,0.32,1.8
2016-04-25,000668,24.41,24.56,24.69,24.21,18602,45547850.0,1.94,-0.57,-0.14,1.27
2016-04-26,000668,24.5,24.7,24.7,24.14,30701,74892880.0,2.28,0.57,0.14,2.09
2016-04-27,000668,24.6,25.7,26.09,24.6,65000,165133475.0,6.03,4.05,1.0,4.43
2016-04-28,000668,25.78,25.86,26.16,25.2,33762,86678584.0,3.74,0.62,0.16,2.3
2016-04-29,000668,25.71,27.2,28.28,25.55,68424,184382985.0,10.56,5.18,1.34,4.66
2016-05-03,000668,27.01,27.37,27.4,26.65,49632,134469245.0,2.76,0.63,0.17,3.38
2016-05-04,000668,27.05,26.89,27.29,26.6,27676,74513345.0,2.52,-1.75,-0.48,1.89
2016-05-05,000668,26.6,26.6,26.83,26.2,21369,56599529.0,2.34,-1.08,-0.29,1.46
2016-05-06,000668,26.49,24.0,26.83,24.0,57808,145412195.0,10.64,-9.77,-2.6,3.94
2016-05-09,000668,23.0,21.6,23.38,21.6,77342,168926613.0,7.42,-10.0,-2.4,5.27
2016-05-10,000668,21.59,21.84,22.2,20.88,30048,65081746.0,6.11,1.11,0.24,2.05
2016-05-11,000668,21.9,21.25,22.0,20.88,29154,62907087.0,5.13,-2.7,-0.59,1.99
2016-05-12,000668,20.81,21.12,21.3,20.22,27288,56383113.0,5.08,-0.61,-0.13,1.86
2016-05-13,000668,21.1,20.87,21.28,20.4,14684,30612267.0,4.17,-1.18,-0.25,1.0
2016-05-16,000668,21.0,21.46,21.49,20.5,24323,51070744.0,4.74,2.83,0.59,1.66
2016-05-17,000668,21.2,21.02,21.55,20.9,17055,36052310.0,3.03,-2.05,-0.44,1.16
2016-05-18,000668,20.69,19.18,20.69,18.93,45336,87916561.0,8.37,-8.75,-1.84,3.09
2016-05-19,000668,19.17,19.24,19.56,18.7,38528,73855160.0,4.48,0.31,0.06,2.63
2016-05-20,000668,18.89,19.44,19.58,18.51,21095,40027966.0,5.56,1.04,0.2,1.44
2016-05-23,000668,19.3,19.89,19.99,19.17,27831,54605381.0,4.22,2.31,0.45,1.9
2016-05-24,000668,19.92,19.95,20.32,19.43,23432,46612633.0,4.47,0.3,0.06,1.6
2016-05-25,000668,20.18,19.9,20.2,19.8,18360,36660446.0,2.01,-0.25,-0.05,1.25
2016-05-26,000668,19.79,20.17,20.28,19.18,21393,42351914.0,5.53,1.36,0.27,1.46
2016-05-27,000668,20.04,20.14,20.24,19.93,11101,22333677.0,1.54,-0.15,-0.03,0.76
2016-05-30,000668,20.12,20.53,20.64,19.86,13625,27753025.0,3.87,1.94,0.39,0.93
2016-05-31,000668,20.53,21.35,21.41,20.31,20160,42371661.0,5.36,3.99,0.82,1.37
2016-06-01,000668,21.33,21.4,21.74,21.14,17647,37980491.0,2.81,0.23,0.05,1.2
2016-06-02,000668,21.32,21.55,21.68,21.3,16703,35860964.0,1.78,0.7,0.15,1.14
2016-06-03,000668,21.51,21.71,21.91,21.11,22796,49043221.0,3.71,0.74,0.16,1.55
2016-06-06,000668,21.65,21.68,21.98,21.52,12860,27912124.0,2.12,-0.14,-0.03,0.88
2016-06-07,000668,21.65,21.59,21.73,21.29,13560,29171989.0,2.03,-0.42,-0.09,0.92
2016-06-08,000668,21.59,21.98,22.06,21.28,25363,55085423.0,3.61,1.81,0.39,1.73
2016-06-13,000668,21.75,20.58,21.75,20.5,18044,38272769.0,5.69,-6.37,-1.4,1.23
2016-06-14,000668,20.3,20.57,20.85,19.81,13894,28284770.0,5.05,-0.05,-0.01,0.95
2016-06-15,000668,20.0,21.49,21.76,19.98,15010,31950755.0,8.65,4.47,0.92,1.02
2016-06-16,000668,21.49,21.33,21.85,21.22,16073,34580610.0,2.93,-0.74,-0.16,1.1
2016-06-17,000668,21.31,21.2,21.79,21.13,20198,43275490.0,3.09,-0.61,-0.13,1.38
2016-06-20,000668,19.31,19.08,20.5,19.08,77588,148955558.0,6.7,-10.0,-2.12,5.29
2016-06-21,000668,19.11,18.7,19.35,18.63,42511,80944720.0,3.77,-1.99,-0.38,2.9
2016-06-22,000668,18.73,19.11,19.16,18.6,23663,44889956.0,2.99,2.19,0.41,1.61
2016-06-23,000668,19.0,19.01,19.16,18.73,17387,32995400.0,2.25,-0.52,-0.1,1.19
2016-06-24,000668,19.04,19.11,19.18,18.66,24210,45993346.0,2.74,0.53,0.1,1.65
2016-06-27,000668,19.04,19.4,19.55,18.9,31323,60088931.0,3.4,1.52,0.29,2.14
2016-06-28,000668,19.3,19.21,19.35,19.03,28643,54988360.0,1.65,-0.98,-0.19,1.95
2016-06-29,000668,19.24,19.33,19.38,19.15,30164,58149441.0,1.2,0.62,0.12,2.06
2016-06-30,000668,19.33,19.62,19.73,19.28,30033,58650299.0,2.33,1.5,0.29,2.05
2016-07-01,000668,19.65,19.49,19.73,19.37,17777,34755629.0,1.83,-0.66,-0.13,1.21
2016-07-04,000668,19.4,19.81,19.92,19.0,30082,58887722.0,4.72,1.64,0.32,2.05
2016-07-05,000668,19.77,19.75,19.96,19.57,27774,54849636.0,1.97,-0.3,-0.06,1.89
2016-07-06,000668,19.78,19.99,20.15,19.54,25045,49574665.0,3.09,1.22,0.24,1.71
2016-07-07,000668,20.15,20.58,20.75,19.69,34289,69034515.0,5.3,2.95,0.59,2.34
2016-07-08,000668,20.5,20.56,21.05,20.3,38675,79791374.0,3.64,-0.1,-0.02,2.64
2016-07-11,000668,20.3,20.59,21.04,20.05,43427,89387212.0,4.82,0.15,0.03,2.96
2016-07-12,000668,20.47,20.63,20.77,20.28,15853,32475348.0,2.38,0.19,0.04,1.08
2016-07-13,000668,20.53,21.1,21.3,20.53,34907,73433798.0,3.73,2.28,0.47,2.38
2016-07-14,000668,21.0,20.95,21.38,20.8,20045,42022461.0,2.75,-0.71,-0.15,1.37
2016-07-15,000668,20.72,20.79,20.97,20.68,12817,26631886.0,1.38,-0.76,-0.16,0.87
2016-07-18,000668,20.86,22.73,22.79,20.33,47692,103054482.0,11.83,9.33,1.94,3.25
2016-07-19,000668,22.4,21.94,23.07,21.91,78146,176023594.0,5.1,-3.48,-0.79,5.33
2016-07-20,000668,21.89,21.49,21.92,21.01,32643,69949554.0,4.15,-2.05,-0.45,2.23
2016-07-21,000668,21.41,22.0,22.15,21.34,25367,55286073.0,3.77,2.37,0.51,1.73
2016-07-22,000668,21.98,22.12,22.5,21.8,29683,65614322.0,3.18,0.55,0.12,2.02
2016-07-25,000668,22.12,21.94,22.4,21.62,20123,44172222.0,3.53,-0.81,-0.18,1.37
2016-07-26,000668,22.17,22.01,22.17,21.16,15049,33031479.0,4.6,0.32,0.07,1.03
2016-07-27,000668,21.99,20.63,22.09,20.15,33460,71376850.0,8.81,-6.27,-1.38,2.28
2016-07-28,000668,20.38,20.63,20.88,20.01,19959,40950724.0,4.22,0.0,0.0,1.36
2016-07-29,000668,20.86,20.39,20.86,20.32,10243,20944696.0,2.62,-1.16,-0.24,0.7
2016-08-01,000668,20.51,19.88,20.51,19.0,10768,21415921.0,7.41,-2.5,-0.51,0.73
2016-08-02,000668,19.72,20.03,20.08,19.72,10141,20141351.0,1.81,0.75,0.15,0.69
2016-08-03,000668,19.98,19.81,20.08,19.76,16344,32466273.0,1.6,-1.1,-0.22,1.11
2016-08-04,000668,19.86,20.12,20.29,19.78,10569,21191513.0,2.57,1.56,0.31,0.72
2016-08-05,000668,20.1,20.42,20.46,20.1,12690,25769682.0,1.79,1.49,0.3,0.87
2016-08-08,000668,20.38,20.56,20.62,20.2,16414,33630863.0,2.06,0.69,0.14,1.12
2016-08-09,000668,20.4,21.52,21.93,20.4,27181,57349843.0,7.44,4.67,0.96,1.85
2016-08-10,000668,21.45,21.04,21.55,21.0,14422,30614595.0,2.56,-2.23,-0.48,0.98
2016-08-11,000668,21.02,20.8,21.18,20.75,8634,18074465.0,2.04,-1.14,-0.24,0.59
2016-08-12,000668,20.77,21.28,21.32,20.52,10242,21564707.0,3.85,2.31,0.48,0.7
2016-08-15,000668,21.0,21.62,21.91,21.0,20524,44283096.0,4.28,1.6,0.34,1.4
2016-08-16,000668,21.55,21.61,21.87,21.47,15792,34179332.0,1.85,-0.05,-0.01,1.08
2016-08-17,000668,21.5,21.61,21.9,21.47,11169,24174613.0,1.99,0.0,0.0,0.76
2016-08-18,000668,21.51,21.61,21.99,21.41,12529,27255881.0,2.68,0.0,0.0,0.85
2016-08-19,000668,21.47,21.58,21.78,21.47,8485,18346902.0,1.43,-0.14,-0.03,0.58
2016-08-22,000668,21.56,21.62,21.86,21.0,19691,42447475.0,3.99,0.19,0.04,1.34
2016-08-23,000668,21.48,21.56,21.75,21.22,9121,19552725.0,2.45,-0.28,-0.06,0.62
2016-08-24,000668,21.5,21.91,22.09,21.44,18941,41444348.0,3.01,1.62,0.35,1.29
2016-08-25,000668,21.8,22.45,22.89,21.59,38306,85446127.0,5.93,2.46,0.54,2.61
2016-08-26,000668,22.29,23.31,23.99,22.17,34535,79441699.0,8.11,3.83,0.86,2.35
2016-08-29,000668,23.0,22.65,23.3,22.61,21726,49960046.0,2.96,-2.83,-0.66,1.48
2016-08-30,000668,22.61,22.61,22.98,22.48,11373,25828263.0,2.21,-0.18,-0.04,0.78
2016-08-31,000668,22.5,22.46,22.8,22.37,11164,25147632.0,1.9,-0.66,-0.15,0.76
2016-09-01,000668,22.52,22.54,22.79,22.34,12508,28243370.0,2.0,0.36,0.08,0.85
2016-09-02,000668,22.48,22.57,22.7,22.3,9330,21006554.0,1.77,0.13,0.03,0.64
2016-09-05,000668,22.5,22.57,22.69,22.22,15882,35647033.0,2.08,0.0,0.0,1.08
2016-09-06,000668,22.58,22.89,22.95,22.32,13177,29863370.0,2.79,1.42,0.32,0.9
2016-09-07,000668,22.89,22.54,23.15,22.51,16127,36974589.0,2.8,-1.53,-0.35,1.1
2016-09-08,000668,22.54,22.65,22.81,22.31,14215,32127207.0,2.22,0.49,0.11,0.97
2016-09-09,000668,22.5,22.98,23.19,22.45,21979,50170792.0,3.27,1.46,0.33,1.5
2016-09-12,000668,22.3,22.09,22.9,22.09,19316,43545437.0,3.52,-3.87,-0.89,1.32
2016-09-13,000668,22.28,21.9,22.47,21.2,17321,38158336.0,5.75,-0.86,-0.19,1.18
2016-09-14,000668,21.89,22.22,22.43,21.5,13336,29512350.0,4.25,1.46,0.32,0.91
2016-09-19,000668,22.22,22.5,22.8,22.22,14776,33204355.0,2.61,1.26,0.28,1.01
2016-09-20,000668,22.31,22.49,22.59,22.26,11435,25651076.0,1.47,-0.04,-0.01,0.78
2016-09-21,000668,22.51,22.86,23.08,22.38,17508,39920217.0,3.11,1.65,0.37,1.19
2016-09-22,000668,22.86,23.04,23.05,22.81,12624,28936899.0,1.05,0.79,0.18,0.86
2016-09-23,000668,23.04,23.29,23.97,22.85,28445,67045257.0,4.86,1.09,0.25,1.94
2016-09-26,000668,23.26,22.37,23.48,22.26,18580,42424106.0,5.24,-3.95,-0.92,1.27
2016-09-27,000668,22.5,22.59,22.89,22.36,8879,20020207.0,2.37,0.98,0.22,0.61
2016-09-28,000668,22.59,22.95,23.15,22.45,12389,28233443.0,3.1,1.59,0.36,0.84
2016-09-29,000668,23.26,22.95,23.26,22.71,8561,19539141.0,2.4,0.0,0.0,0.58
2016-09-30,000668,22.58,23.32,23.43,22.58,12608,29248412.0,3.7,1.61,0.37,0.86
2016-10-10,000668,23.23,23.52,23.58,22.8,15890,36939933.0,3.34,0.86,0.2,1.08
2016-10-11,000668,23.57,23.75,23.79,23.44,12400,29341785.0,1.49,0.98,0.23,0.85
2016-10-12,000668,23.62,23.36,23.78,23.2,16172,37819645.0,2.44,-1.64,-0.39,1.1
2016-10-13,000668,23.31,24.43,24.78,23.22,60554,146405234.0,6.68,4.58,1.07,4.13
2016-10-14,000668,24.4,24.71,24.76,23.99,27282,66692360.0,3.15,1.15,0.28,1.86
2016-10-17,000668,24.57,24.71,25.23,24.3,20775,51369348.0,3.76,0.0,0.0,1.42
2016-10-18,000668,24.53,24.95,24.98,24.4,21257,52712470.0,2.35,0.97,0.24,1.45
2016-10-19,000668,24.95,25.45,25.47,24.83,22156,55884032.0,2.57,2.0,0.5,1.51
2016-10-20,000668,25.46,25.09,25.56,24.91,10525,26517876.0,2.55,-1.41,-0.36,0.72
2016-10-21,000668,24.85,24.58,25.19,24.21,16484,40535035.0,3.91,-2.03,-0.51,1.12
2016-10-24,000668,24.6,24.62,25.1,24.45,16005,39656409.0,2.64,0.16,0.04,1.09
2016-10-25,000668,24.75,24.64,24.82,24.45,8300,20412815.0,1.5,0.08,0.02,0.57
2016-10-26,000668,24.62,24.65,24.8,24.3,12951,31802625.0,2.03,0.04,0.01,0.88
2016-10-27,000668,24.8,24.97,25.1,24.53,15162,37602156.0,2.31,1.3,0.32,1.03
2016-10-28,000668,24.85,24.49,25.3,24.4,13232,33007968.0,3.6,-1.92,-0.48,0.9
2016-10-31,000668,23.99,24.58,24.62,23.99,10772,26168169.0,2.57,0.37,0.09,0.73
2016-11-01,000668,24.5,24.76,25.1,24.2,12404,30558860.0,3.66,0.73,0.18,0.85
2016-11-02,000668,24.76,24.58,24.86,24.58,9633,23810150.0,1.13,-0.73,-0.18,0.66
2016-11-03,000668,24.71,24.68,24.97,24.58,15231,37783786.0,1.59,0.41,0.1,1.04
2016-11-04,000668,24.76,24.86,24.94,24.59,11930,29538545.0,1.42,0.73,0.18,0.81
2016-11-07,000668,24.82,24.64,24.82,24.48,8588,21144076.0,1.37,-0.88,-0.22,0.59
2016-11-08,000668,24.7,25.06,25.11,24.6,16077,40019550.0,2.07,1.7,0.42,1.1
2016-11-09,000668,24.96,24.94,25.34,24.69,16994,42525641.0,2.59,-0.48,-0.12,1.16
2016-11-10,000668,24.97,25.29,25.41,24.86,25893,64852428.0,2.21,1.4,0.35,1.77
2016-11-11,000668,25.27,25.31,25.4,25.03,14818,37402341.0,1.46,0.08,0.02,1.01
2016-11-14,000668,25.31,25.19,25.57,25.01,23430,59272950.0,2.21,-0.47,-0.12,1.6
2016-11-15,000668,25.3,25.83,25.96,24.88,32645,83222586.0,4.29,2.54,0.64,2.23
2016-11-16,000668,25.87,25.75,26.1,25.6,23758,61358058.0,1.94,-0.31,-0.08,1.62
2016-11-17,000668,25.7,25.69,25.83,24.22,36429,92366853.0,6.25,-0.23,-0.06,2.48
2016-11-18,000668,25.52,25.66,26.0,25.23,22107,56560718.0,3.0,-0.12,-0.03,1.51
2016-11-21,000668,25.51,25.8,25.88,25.2,27014,69224416.0,2.65,0.55,0.14,1.84
2016-11-22,000668,25.75,26.65,26.7,25.52,40193,106199932.0,4.57,3.29,0.85,2.74
2016-11-23,000668,26.6,26.39,27.1,26.36,23172,61847619.0,2.78,-0.98,-0.26,1.58
2016-11-24,000668,26.28,26.83,26.86,26.06,18824,50075120.0,3.03,1.67,0.44,1.28
2016-11-25,000668,26.88,26.4,26.88,26.19,17468,46169871.0,2.57,-1.6,-0.43,1.19
2016-11-28,000668,26.4,26.35,26.71,26.3,12794,33946867.0,1.55,-0.19,-0.05,0.87
2016-11-29,000668,26.2,26.43,26.73,25.98,21397,56360225.0,2.85,0.3,0.08,1.46
2016-11-30,000668,26.18,25.98,26.5,25.71,18301,47588477.0,2.99,-1.7,-0.45,1.25
2016-12-01,000668,25.74,26.05,26.08,25.7,13955,36069221.0,1.46,0.27,0.07,0.95
2016-12-02,000668,25.9,25.6,26.16,25.05,14498,37315873.0,4.26,-1.73,-0.45,0.99
2016-12-05,000668,25.13,25.53,25.99,25.0,7742,19843782.0,3.87,-0.27,-0.07,0.53
2016-12-06,000668,25.68,26.42,26.89,25.45,25081,66351362.0,5.64,3.49,0.89,1.71
2016-12-07,000668,26.53,26.51,26.99,26.22,11578,30664574.0,2.91,0.34,0.09,0.79
2016-12-08,000668,26.51,26.16,26.9,26.14,9437,25012578.0,2.87,-1.32,-0.35,0.64
2016-12-09,000668,26.24,25.94,26.36,25.82,9722,25300441.0,2.06,-0.84,-0.22,0.66
2016-12-12,000668,25.94,24.29,25.94,24.29,20383,51449853.0,6.36,-6.36,-1.65,1.39
2016-12-13,000668,24.29,24.91,25.28,23.83,19316,47557227.0,5.97,2.55,0.62,1.32
2016-12-14,000668,24.85,25.05,25.48,24.57,12822,32272418.0,3.65,0.56,0.14,0.87
2016-12-15,000668,24.66,25.18,25.36,24.6,21658,54044185.0,3.03,0.52,0.13,1.48
2016-12-16,000668,25.15,25.16,25.4,25.1,9349,23611576.0,1.19,-0.08,-0.02,0.64
2016-12-19,000668,25.17,25.12,25.4,24.92,11067,27845526.0,1.91,-0.16,-0.04,0.75
2016-12-20,000668,24.89,24.85,25.27,24.7,14895,37091523.0,2.27,-1.07,-0.27,1.02
2016-12-21,000668,25.0,24.96,25.29,24.88,10560,26467669.0,1.65,0.44,0.11,0.72
2016-12-22,000668,25.07,24.96,25.17,24.85,7162,17901810.0,1.28,0.0,0.0,0.49
2016-12-23,000668,24.96,25.0,25.11,24.6,6295,15697287.0,2.04,0.16,0.04,0.43
2016-12-26,000668,25.0,25.1,25.18,24.52,8897,22140046.0,2.64,0.4,0.1,0.61
2016-12-27,000668,25.08,26.09,26.52,25.0,45856,118819168.0,6.06,3.94,0.99,3.13
2016-12-28,000668,25.81,25.57,25.99,25.43,16790,43019255.0,2.15,-1.99,-0.52,1.14
2016-12-29,000668,25.44,24.69,25.68,23.8,21067,52575858.0,7.35,-3.44,-0.88,1.44
2016-12-30,000668,24.67,24.99,25.19,24.6,12932,32161478.0,2.39,1.22,0.3,0.88
2017-01-03,000668,24.77,24.9,24.99,24.7,10271,25522238.0,1.16,-0.36,-0.09,0.7
2017-01-04,000668,25.1,25.18,25.34,24.7,9423,23644564.0,2.57,1.12,0.28,0.64
2017-01-05,000668,25.21,25.11,25.43,25.11,9062,22910906.0,1.27,-0.28,-0.07,0.62
2017-01-06,000668,25.05,25.05,25.37,25.0,9155,23006865.0,1.47,-0.24,-0.06,0.62
2017-01-09,000668,25.0,25.17,25.32,24.29,8026,20101160.0,4.11,0.48,0.12,0.55
2017-01-10,000668,25.18,25.64,25.68,25.04,15162,38539262.0,2.54,1.87,0.47,1.03
2017-01-11,000668,25.35,25.64,25.97,25.35,13736,35142442.0,2.42,0.0,0.0,0.94
2017-01-12,000668,25.48,25.42,25.79,25.18,13060,33292023.0,2.38,-0.86,-0.22,0.89
2017-01-13,000668,25.42,24.89,25.78,24.61,7797,19660027.0,4.6,-2.08,-0.53,0.53
2017-01-16,000668,24.65,24.03,24.86,22.4,30094,70421536.0,9.88,-3.46,-0.86,2.05
2017-01-17,000668,23.9,24.07,24.3,23.29,18901,44979563.0,4.2,0.17,0.04,1.29
2017-01-18,000668,24.11,24.15,24.37,23.73,8148,19670675.0,2.66,0.33,0.08,0.56
2017-01-19,000668,23.7,24.14,24.5,23.01,7085,17048479.0,6.17,-0.04,-0.01,0.48
2017-01-20,000668,24.15,24.18,24.3,23.51,8777,21148216.0,3.27,0.17,0.04,0.6
2017-01-23,000668,24.26,24.3,24.36,23.93,6799,16440543.0,1.78,0.5,0.12,0.46
2017-01-24,000668,24.05,23.98,24.66,23.92,5889,14234971.0,3.05,-1.32,-0.32,0.4
2017-01-25,000668,24.12,23.93,24.12,23.7,3030,7272118.0,1.75,-0.21,-0.05,0.21
2017-01-26,000668,23.83,24.22,24.35,23.83,4665,11282449.0,2.17,1.21,0.29,0.32
2017-02-03,000668,24.22,24.23,24.49,24.17,3878,9421292.0,1.32,0.04,0.01,0.26
2017-02-06,000668,24.4,24.26,24.64,24.15,4673,11376785.0,2.02,0.12,0.03,0.32
2017-02-07,000668,24.38,24.22,24.54,24.02,6228,15153260.0,2.14,-0.16,-0.04,0.42
2017-02-08,000668,24.2,24.11,24.34,24.03,5516,13330083.0,1.28,-0.45,-0.11,0.38
2017-02-09,000668,24.14,24.35,24.45,24.14,4863,11821957.0,1.29,1.0,0.24,0.33
2017-02-10,000668,24.4,24.38,24.54,24.17,7302,17805175.0,1.52,0.12,0.03,0.5
2017-02-13,000668,24.38,24.37,24.78,23.79,9098,22151853.0,4.06,-0.04,-0.01,0.62
2017-02-14,000668,24.37,24.0,24.42,23.86,9940,23946949.0,2.3,-1.52,-0.37,0.68
2017-02-15,000668,24.0,23.78,24.38,23.75,9552,22963288.0,2.63,-0.92,-0.22,0.65
2017-02-16,000668,23.59,23.8,23.96,23.52,6815,16154494.0,1.85,0.08,0.02,0.46
2017-02-17,000668,23.7,23.23,23.88,23.1,11118,26040111.0,3.28,-2.39,-0.57,0.76
2017-02-20,000668,23.24,22.7,23.31,22.35,13796,31328454.0,4.13,-2.28,-0.53,0.94
2017-02-21,000668,22.73,23.25,23.49,22.7,13793,31994533.0,3.48,2.42,0.55,0.94
2017-02-22,000668,23.25,23.19,23.47,23.05,7820,18137081.0,1.81,-0.26,-0.06,0.53
2017-02-23,000668,23.32,23.1,23.32,22.86,9698,22398758.0,1.98,-0.39,-0.09,0.66
2017-02-24,000668,22.88,23.18,23.42,22.63,16825,38864250.0,3.42,0.35,0.08,1.15
2017-02-27,000668,23.11,23.03,23.28,22.85,8525,19661578.0,1.86,-0.65,-0.15,0.58
2017-02-28,000668,23.03,22.93,23.19,22.53,10348,23795446.0,2.87,-0.43,-0.1,0.71
2017-03-01,000668,22.86,23.24,23.55,22.86,12088,27831061.0,3.01,1.35,0.31,0.82
2017-03-02,000668,23.26,23.59,24.04,23.05,22818,53738249.0,4.26,1.51,0.35,1.56
2017-03-03,000668,23.23,22.95,23.45,22.78,14319,32995221.0,2.84,-2.71,-0.64,0.98
2017-03-06,000668,22.93,23.17,23.45,22.81,10735,24901065.0,2.79,0.96,0.22,0.73
2017-03-07,000668,23.33,23.33,23.5,23.17,9472,22119331.0,1.42,0.69,0.16,0.65
2017-03-08,000668,23.27,23.36,23.46,23.23,8640,20180343.0,0.99,0.13,0.03,0.59
2017-03-09,000668,23.39,23.31,23.45,23.15,5605,13064269.0,1.28,-0.21,-0.05,0.38
2017-03-10,000668,23.3,23.33,23.47,23.24,5442,12706343.0,0.99,0.09,0.02,0.37
2017-03-13,000668,23.37,23.31,23.41,23.04,7455,17363706.0,1.59,-0.09,-0.02,0.51
2017-03-14,000668,23.12,23.31,23.54,23.12,7086,16555919.0,1.8,0.0,0.0,0.48
2017-03-15,000668,23.31,23.08,23.32,22.96,8375,19312854.0,1.54,-0.99,-0.23,0.57
2017-03-16,000668,23.14,22.94,23.14,22.66,14763,33713789.0,2.08,-0.61,-0.14,1.01
2017-03-17,000668,22.81,23.0,23.08,22.81,9084,20863901.0,1.18,0.26,0.06,0.62
2017-03-20,000668,23.04,22.91,23.1,22.74,5847,13407917.0,1.57,-0.39,-0.09,0.4
2017-03-21,000668,22.9,22.95,22.99,22.79,7165,16386659.0,0.87,0.17,0.04,0.49
2017-03-22,000668,22.97,22.57,22.97,22.52,8073,18323502.0,1.96,-1.66,-0.38,0.55
2017-03-23,000668,22.61,22.51,22.94,22.36,11785,26606662.0,2.57,-0.27,-0.06,0.8
2017-03-24,000668,22.47,22.1,22.63,22.01,8831,19630129.0,2.75,-1.82,-0.41,0.6
2017-03-27,000668,21.97,21.4,22.3,21.33,15264,33134021.0,4.39,-3.17,-0.7,1.04
2017-03-28,000668,21.34,21.45,21.6,21.2,8767,18772839.0,1.87,0.23,0.05,0.6
2017-03-29,000668,21.37,21.05,21.62,20.85,10636,22456032.0,3.59,-1.86,-0.4,0.73
2017-03-30,000668,20.92,20.18,20.92,19.6,23846,47654359.0,6.27,-4.13,-0.87,1.63
2017-03-31,000668,20.09,19.99,20.13,19.82,14363,28602111.0,1.54,-0.94,-0.19,0.98
2017-04-05,000668,19.96,20.46,20.48,19.91,12506,25306267.0,2.85,2.35,0.47,0.85
2017-04-06,000668,20.47,20.85,21.19,20.39,14366,30070396.0,3.91,1.91,0.39,0.98
2017-04-07,000668,20.91,20.75,20.97,20.65,8968,18669021.0,1.53,-0.48,-0.1,0.61
2017-04-10,000668,20.75,20.29,20.77,20.05,14753,30016903.0,3.47,-2.22,-0.46,1.01
2017-04-11,000668,20.28,20.41,20.53,20.0,11261,22819962.0,2.61,0.59,0.12,0.77
2017-04-12,000668,20.43,20.0,20.43,19.91,11452,23165119.0,2.55,-2.01,-0.41,0.78
2017-04-13,000668,20.0,19.9,20.25,19.86,12749,25585352.0,1.95,-0.5,-0.1,0.87
2017-04-14,000668,19.98,19.16,20.27,19.11,10335,20191543.0,5.83,-3.72,-0.74,0.7
2017-04-17,000668,18.9,18.08,19.35,17.59,31026,56748956.0,9.19,-5.64,-1.08,2.12
2017-04-18,000668,18.08,17.5,18.47,17.2,24794,44184282.0,7.02,-3.21,-0.58,1.69
2017-04-19,000668,17.65,16.7,17.65,16.39,45260,75683506.0,7.2,-4.57,-0.8,3.09
2017-04-20,000668,16.73,16.68,17.0,16.25,19295,32231747.0,4.49,-0.12,-0.02,1.32
2017-04-21,000668,16.73,16.62,16.84,16.5,10393,17311469.0,2.04,-0.36,-0.06,0.71
2017-04-24,000668,16.65,15.03,16.84,15.01,22449,35580162.0,11.01,-9.57,-1.59,1.53
2017-04-25,000668,15.19,16.06,16.19,15.19,29740,46852671.0,6.65,6.85,1.03,2.03
2017-04-26,000668,16.06,16.2,16.35,15.8,22196,35888520.0,3.42,0.87,0.14,1.51
2017-04-27,000668,16.22,16.31,16.69,15.71,19317,31239042.0,6.05,0.68,0.11,1.32
2017-04-28,000668,16.41,16.81,16.96,16.3,15416,25734590.0,4.05,3.07,0.5,1.05
2017-05-02,000668,16.79,17.09,17.42,16.55,16248,27636503.0,5.18,1.67,0.28,1.11
2017-05-03,000668,16.99,17.05,17.44,16.85,9865,16870107.0,3.45,-0.23,-0.04,0.67
2017-05-04,000668,17.05,16.98,17.25,16.8,11470,19560329.0,2.64,-0.41,-0.07,0.78
2017-05-05,000668,16.98,16.37,16.98,16.29,14521,23958692.0,4.06,-3.59,-0.61,0.99
2017-05-08,000668,16.11,16.38,16.47,16.02,8644,14078287.0,2.75,0.06,0.01,0.59
2017-05-09,000668,16.22,16.59,16.7,16.14,8815,14510879.0,3.42,1.28,0.21,0.6
2017-05-10,000668,16.79,16.77,17.18,16.62,19689,33219060.0,3.38,1.08,0.18,1.34
2017-05-11,000668,16.4,16.61,17.16,16.11,18814,31107048.0,6.26,-0.95,-0.16,1.28
2017-05-12,000668,16.44,16.7,17.18,16.44,6674,11164591.0,4.46,0.54,0.09,0.45
2017-05-15,000668,16.68,16.69,16.84,16.53,12847,21389052.0,1.86,-0.06,-0.01,0.88
2017-05-16,000668,16.72,17.02,17.06,16.32,14783,24763771.0,4.43,1.98,0.33,1.01
2017-05-17,000668,17.0,17.38,17.62,17.0,13378,23311311.0,3.64,2.12,0.36,0.91
2017-05-18,000668,17.3,17.82,17.89,17.12,13801,24404203.0,4.43,2.53,0.44,0.94
2017-05-19,000668,17.72,17.75,17.89,17.55,9862,17475696.0,1.91,-0.39,-0.07,0.67
2017-05-22,000668,17.65,17.52,18.08,17.5,12422,22085484.0,3.27,-1.3,-0.23,0.85
2017-05-23,000668,17.55,17.11,17.55,16.69,12052,20535272.0,4.91,-2.34,-0.41,0.82
2017-05-24,000668,16.65,16.46,16.96,16.12,12003,19756659.0,4.91,-3.8,-0.65,0.82
2017-05-25,000668,16.45,16.44,16.5,15.82,12564,20267647.0,4.13,-0.12,-0.02,0.86
2017-05-26,000668,16.39,16.41,16.54,16.29,5781,9493636.0,1.52,-0.18,-0.03,0.39
2017-05-31,000668,16.53,16.31,16.74,16.2,9403,15477004.0,3.29,-0.61,-0.1,0.64
2017-06-01,000668,16.31,15.92,16.34,15.81,9698,15554319.0,3.25,-2.39,-0.39,0.66
2017-06-02,000668,15.92,15.52,15.92,14.34,20490,30977083.0,9.92,-2.51,-0.4,1.4
2017-06-05,000668,15.53,15.64,15.65,15.42,5557,8640498.0,1.48,0.77,0.12,0.38
2017-06-06,000668,15.66,15.65,15.76,15.53,4663,7282552.0,1.47,0.06,0.01,0.32
2017-06-07,000668,15.67,16.24,16.48,15.65,9889,15924172.0,5.3,3.77,0.59,0.67
2017-06-08,000668,16.55,16.44,16.55,16.27,6839,11224119.0,1.72,1.23,0.2,0.47
2017-06-09,000668,16.44,17.05,17.68,16.17,24578,41968386.0,9.18,3.71,0.61,1.68
2017-06-12,000668,16.44,16.26,16.82,16.24,18113,29925765.0,3.4,-4.63,-0.79,1.23
2017-06-13,000668,16.29,16.34,16.48,16.16,7730,12647888.0,1.97,0.49,0.08,0.53
2017-06-14,000668,16.33,16.54,16.57,16.27,11644,19125021.0,1.84,1.22,0.2,0.79
2017-06-15,000668,16.55,16.63,16.72,16.45,7720,12807700.0,1.63,0.54,0.09,0.53
2017-06-16,000668,16.57,16.65,16.95,16.54,9198,15299812.0,2.47,0.12,0.02,0.63
2017-06-19,000668,16.68,16.87,17.22,16.68,10577,17900809.0,3.24,1.32,0.22,0.72
2017-06-20,000668,16.91,16.87,16.99,16.69,8126,13697422.0,1.78,0.0,0.0,0.55
2017-06-21,000668,16.88,16.83,16.96,16.66,6033,10144289.0,1.78,-0.24,-0.04,0.41
2017-06-22,000668,16.85,16.7,16.89,16.35,10934,18314740.0,3.21,-0.77,-0.13,0.75
2017-06-23,000668,16.5,16.45,16.8,16.1,6453,10611455.0,4.19,-1.5,-0.25,0.44
2017-06-26,000668,16.12,16.65,16.82,16.01,6771,11248258.0,4.92,1.22,0.2,0.46
2017-06-27,000668,16.66,16.72,16.97,16.61,4716,7906702.0,2.16,0.42,0.07,0.32
2017-06-28,000668,16.65,16.54,16.69,16.32,5690,9398007.0,2.21,-1.08,-0.18,0.39
2017-06-29,000668,16.48,16.64,16.7,16.46,4084,6779524.0,1.45,0.6,0.1,0.28
2017-06-30,000668,16.61,16.7,16.74,16.34,4878,8097570.0,2.4,0.36,0.06,0.33
2017-07-03,000668,16.68,16.77,16.87,16.61,5734,9581987.0,1.56,0.42,0.07,0.39
2017-07-04,000668,16.8,16.76,16.89,16.69,3374,5654009.0,1.19,-0.06,-0.01,0.23
2017-07-05,000668,16.78,16.81,16.82,16.68,5092,8540098.0,0.84,0.3,0.05,0.35
2017-07-06,000668,16.81,16.84,16.84,16.7,6000,10065379.0,0.83,0.18,0.03,0.41
2017-07-07,000668,16.83,16.85,16.86,16.6,6372,10674357.0,1.54,0.06,0.01,0.43
2017-07-10,000668,16.84,17.19,17.38,16.64,28621,49016515.0,4.39,2.02,0.34,1.95
2017-07-11,000668,17.01,17.0,17.25,16.87,13775,23486116.0,2.21,-1.11,-0.19,0.94
2017-07-12,000668,16.99,16.55,17.06,16.37,10670,17777601.0,4.06,-2.65,-0.45,0.73
2017-07-13,000668,16.4,16.63,16.8,16.4,8370,13923123.0,2.42,0.48,0.08,0.57
2017-07-14,000668,16.56,16.42,16.77,16.38,7772,12833648.0,2.35,-1.26,-0.21,0.53
2017-07-17,000668,16.4,15.96,16.4,15.59,15653,24871160.0,4.93,-2.8,-0.46,1.07
2017-07-18,000668,15.84,15.94,16.4,15.65,5010,7931094.0,4.7,-0.13,-0.02,0.34
2017-07-19,000668,15.91,15.92,16.0,15.66,5866,9295526.0,2.13,-0.13,-0.02,0.4
2017-07-20,000668,15.88,16.03,16.13,15.8,8079,12900546.0,2.07,0.69,0.11,0.55
2017-07-21,000668,15.81,15.98,16.07,15.81,6943,11086105.0,1.62,-0.31,-0.05,0.47
2017-07-24,000668,15.98,16.07,16.2,15.76,6949,11092123.0,2.75,0.56,0.09,0.47
2017-07-25,000668,16.07,16.71,17.2,15.81,37803,63178327.0,8.65,3.98,0.64,2.58
2017-07-26,000668,16.62,16.41,16.62,16.3,17076,28120010.0,1.92,-1.8,-0.3,1.16
2017-07-27,000668,16.41,16.8,16.87,16.4,22229,37084003.0,2.86,2.38,0.39,1.52
2017-07-28,000668,16.8,16.77,16.86,16.68,11617,19476360.0,1.07,-0.18,-0.03,0.79
2017-07-31,000668,16.71,16.94,17.15,16.65,14271,24162124.0,2.98,1.01,0.17,0.97
2017-08-01,000668,16.81,17.16,17.21,16.8,17464,29882056.0,2.42,1.3,0.22,1.19
2017-08-02,000668,17.17,16.99,17.17,16.9,10538,17914677.0,1.57,-0.99,-0.17,0.72
2017-08-03,000668,16.99,16.97,17.01,16.68,7267,12255192.0,1.94,-0.12,-0.02,0.5
2017-08-04,000668,16.97,16.84,17.03,16.74,7157,12048384.0,1.71,-0.77,-0.13,0.49
2017-08-07,000668,16.7,16.75,16.82,16.61,6287,10495796.0,1.25,-0.53,-0.09,0.43
2017-08-08,000668,16.77,16.89,16.93,16.69,12260,20585312.0,1.43,0.84,0.14,0.84
2017-08-09,000668,16.88,16.93,16.96,16.78,6566,11097083.0,1.07,0.24,0.04,0.45
2017-08-10,000668,16.93,17.02,17.2,16.87,8413,14315804.0,1.95,0.53,0.09,0.57
2017-08-11,000668,17.01,16.58,17.1,16.54,11919,20034248.0,3.29,-2.59,-0.44,0.81
2017-08-14,000668,16.62,17.15,17.26,16.4,17863,30305426.0,5.19,3.44,0.57,1.22
2017-08-15,000668,17.15,17.37,17.6,17.14,19553,33894377.0,2.68,1.28,0.22,1.33
2017-08-16,000668,17.35,17.56,17.67,17.21,10108,17694074.0,2.65,1.09,0.19,0.69
2017-08-17,000668,17.56,17.71,17.76,17.4,8959,15801354.0,2.05,0.85,0.15,0.61
2017-08-18,000668,17.62,17.74,18.04,17.5,12328,21909067.0,3.05,0.17,0.03,0.84
2017-08-21,000668,17.75,17.88,17.91,17.7,9150,16324780.0,1.18,0.79,0.14,0.62
2017-08-22,000668,17.88,17.9,17.98,17.7,13175,23476880.0,1.57,0.11,0.02,0.9
2017-08-23,000668,17.95,17.87,17.95,17.71,4335,7725114.0,1.34,-0.17,-0.03,0.3
2017-08-24,000668,17.91,17.99,18.13,17.83,10296,18532136.0,1.68,0.67,0.12,0.7
2017-08-25,000668,17.99,17.89,18.03,17.75,10934,19541409.0,1.56,-0.56,-0.1,0.75
2017-08-28,000668,17.86,17.85,18.02,17.67,16779,29860527.0,1.96,-0.22,-0.04,1.14
2017-08-29,000668,17.82,17.68,18.0,17.62,9893,17556991.0,2.13,-0.95,-0.17,0.67
2017-08-30,000668,17.86,17.71,17.86,17.42,11742,20743820.0,2.49,0.17,0.03,0.8
2017-08-31,000668,17.71,17.71,17.76,17.5,7632,13483110.0,1.47,0.0,0.0,0.52
2017-09-01,000668,17.71,17.62,17.71,17.52,4763,8381657.0,1.07,-0.51,-0.09,0.32
2017-09-04,000668,17.65,17.68,17.71,17.27,14851,26037546.0,2.5,0.34,0.06,1.01
2017-09-05,000668,17.66,18.0,18.1,17.53,21505,38525344.0,3.22,1.81,0.32,1.47
2017-09-06,000668,18.0,17.89,18.08,17.75,11159,19992277.0,1.83,-0.61,-0.11,0.76
2017-09-07,000668,17.87,17.59,18.0,17.49,11294,20058425.0,2.85,-1.68,-0.3,0.77
2017-09-08,000668,17.5,17.6,17.65,17.22,21576,37545893.0,2.44,0.06,0.01,1.47
2017-09-11,000668,17.42,17.56,17.72,17.36,11160,19538963.0,2.05,-0.23,-0.04,0.76
2017-09-12,000668,17.42,17.32,17.55,17.16,9274,16157925.0,2.22,-1.37,-0.24,0.63
2017-09-13,000668,17.37,17.54,17.55,17.2,7439,12973706.0,2.02,1.27,0.22,0.51
2017-09-14,000668,17.4,17.52,17.76,17.4,4598,8051565.0,2.05,-0.11,-0.02,0.31
2017-09-15,000668,17.52,17.37,17.54,17.26,7703,13400840.0,1.6,-0.86,-0.15,0.53
2017-09-18,000668,17.45,17.3,17.45,17.12,6114,10535459.0,1.9,-0.4,-0.07,0.42
2017-09-19,000668,17.32,17.37,17.59,17.2,8455,14735988.0,2.25,0.4,0.07,0.58
2017-09-20,000668,17.37,17.38,17.5,17.25,6974,12096484.0,1.44,0.06,0.01,0.48
2017-09-21,000668,17.36,17.36,17.4,17.21,6408,11085465.0,1.09,-0.12,-0.02,0.44
2017-09-22,000668,17.36,17.13,17.36,16.92,4926,8413662.0,2.53,-1.32,-0.23,0.34
2017-09-25,000668,17.09,16.88,17.28,16.73,10197,17213321.0,3.21,-1.46,-0.25,0.7
2017-09-26,000668,16.88,16.74,16.88,16.6,6025,10056406.0,1.66,-0.83,-0.14,0.41
2017-09-27,000668,16.74,16.8,16.99,16.56,9213,15519830.0,2.57,0.36,0.06,0.63
2017-09-28,000668,16.63,16.79,16.9,16.63,4916,8244990.0,1.61,-0.06,-0.01,0.34
2017-09-29,000668,16.81,17.08,17.09,16.71,7704,13069924.0,2.26,1.73,0.29,0.53
2017-10-09,000668,17.2,17.21,17.29,16.94,7356,12622967.0,2.05,0.76,0.13,0.5
2017-10-10,000668,17.21,17.16,17.23,17.07,3197,5474192.0,0.93,-0.29,-0.05,0.22
2017-10-11,000668,17.2,17.25,17.57,17.11,8634,14909589.0,2.68,0.52,0.09,0.59
2017-10-12,000668,17.29,17.23,17.29,17.0,6406,11028998.0,1.68,-0.12,-0.02,0.44
2017-10-13,000668,17.23,17.23,17.32,17.16,7231,12472602.0,0.93,0.0,0.0,0.49
2017-10-16,000668,17.17,16.76,17.26,16.69,6390,10802028.0,3.31,-2.73,-0.47,0.44
2017-10-17,000668,16.52,16.7,16.76,16.51,4449,7397780.0,1.49,-0.36,-0.06,0.3
2017-10-18,000668,16.78,16.71,16.84,16.61,3451,5776382.0,1.38,0.06,0.01,0.24
2017-10-19,000668,16.55,16.65,16.74,16.37,3057,5054836.0,2.21,-0.36,-0.06,0.21
2017-10-20,000668,16.49,16.69,16.74,16.49,5259,8756625.0,1.5,0.24,0.04,0.36
2017-10-23,000668,16.68,17.02,17.58,16.53,18132,30990434.0,6.29,1.98,0.33,1.24
2017-10-24,000668,16.97,16.6,16.97,16.44,11605,19385184.0,3.11,-2.47,-0.42,0.79
2017-10-25,000668,16.64,16.6,16.7,16.51,4259,7067214.0,1.14,0.0,0.0,0.29
2017-10-26,000668,16.6,16.55,16.6,16.3,5475,9028128.0,1.81,-0.3,-0.05,0.37
2017-10-27,000668,16.55,16.37,16.57,16.35,6155,10129808.0,1.33,-1.09,-0.18,0.42
2017-10-30,000668,17.48,16.31,17.48,16.3,14109,23539393.0,7.21,-0.37,-0.06,0.96
2017-10-31,000668,16.03,16.26,16.58,16.0,5647,9157980.0,3.56,-0.31,-0.05,0.38
2017-11-01,000668,16.13,16.22,16.33,16.07,5628,9136997.0,1.6,-0.25,-0.04,0.38
2017-11-02,000668,16.27,16.13,16.29,15.98,5319,8604737.0,1.91,-0.55,-0.09,0.36
2017-11-03,000668,16.13,16.13,16.28,16.06,3888,6283370.0,1.36,0.0,0.0,0.27
2017-11-06,000668,16.13,16.18,16.3,16.13,4505,7303149.0,1.05,0.31,0.05,0.31
2017-11-07,000668,16.34,16.2,16.34,16.12,3759,6073764.0,1.36,0.12,0.02,0.26
2017-11-08,000668,16.24,16.21,16.26,16.15,5325,8625586.0,0.68,0.06,0.01,0.36
2017-11-09,000668,16.26,16.21,16.26,16.1,5265,8520861.0,0.99,0.0,0.0,0.36
2017-11-10,000668,16.21,16.27,16.32,16.16,7808,12682590.0,0.99,0.37,0.06,0.53
2017-11-13,000668,16.29,16.25,16.48,16.1,5637,9141590.0,2.34,-0.12,-0.02,0.38
2017-11-14,000668,16.25,15.96,16.25,15.83,4106,6602387.0,2.58,-1.78,-0.29,0.28
2017-11-15,000668,15.98,15.94,16.05,15.79,3594,5711073.0,1.63,-0.13,-0.02,0.25
2017-11-16,000668,15.78,15.67,15.98,15.28,6337,9987427.0,4.39,-1.69,-0.27,0.43
2017-11-17,000668,15.68,15.34,15.87,15.2,6951,10858912.0,4.28,-2.11,-0.33,0.47
2017-11-20,000668,15.18,15.1,15.3,14.91,6802,10241770.0,2.54,-1.56,-0.24,0.46
2017-11-21,000668,15.1,15.15,15.17,15.02,6015,9080451.0,0.99,0.33,0.05,0.41
2017-11-22,000668,15.23,15.18,15.48,14.8,6230,9411421.0,4.49,0.2,0.03,0.42
2017-11-23,000668,15.04,15.22,15.35,15.02,7292,11094094.0,2.17,0.26,0.04,0.5
2017-11-24,000668,15.07,15.13,15.26,15.05,3421,5170897.0,1.38,-0.59,-0.09,0.23
2017-11-27,000668,15.06,15.35,15.45,14.91,8143,12389390.0,3.57,1.45,0.22,0.56
2017-11-28,000668,15.35,15.48,15.5,15.22,3831,5893850.0,1.82,0.85,0.13,0.26
2017-11-29,000668,15.39,15.35,15.56,15.23,5451,8343240.0,2.13,-0.84,-0.13,0.37
2017-11-30,000668,15.25,15.71,15.82,15.15,10737,16681118.0,4.36,2.35,0.36,0.73
2017-12-01,000668,15.6,15.69,15.91,15.48,4438,6974160.0,2.74,-0.13,-0.02,0.3
2017-12-04,000668,15.69,15.34,15.76,15.17,4019,6216591.0,3.76,-2.23,-0.35,0.27
2017-12-05,000668,15.4,14.85,15.4,14.77,9906,14882863.0,4.11,-3.19,-0.49,0.68
2017-12-06,000668,14.82,14.4,14.82,14.0,14126,20279153.0,5.52,-3.03,-0.45,0.96
2017-12-07,000668,14.38,14.46,14.51,14.23,4059,5847266.0,1.94,0.42,0.06,0.28
2017-12-08,000668,14.32,14.72,14.75,14.32,7665,11194849.0,2.97,1.8,0.26,0.52
2017-12-11,000668,14.73,14.82,15.21,14.71,4086,6073132.0,3.4,0.68,0.1,0.28
2017-12-12,000668,14.87,14.69,14.98,14.52,2472,3644634.0,3.1,-0.88,-0.13,0.17
2017-12-13,000668,14.67,14.76,14.8,14.57,3544,5193646.0,1.57,0.48,0.07,0.24
2017-12-14,000668,14.76,14.68,14.76,14.55,2653,3881947.0,1.42,-0.54,-0.08,0.18
2017-12-15,000668,14.77,14.92,14.98,14.6,7307,10867456.0,2.59,1.63,0.24,0.5
2017-12-18,000668,14.9,14.74,15.01,14.58,7359,10878468.0,2.88,-1.21,-0.18,0.5
2017-12-19,000668,14.61,14.78,14.85,14.53,3512,5152665.0,2.17,0.27,0.04,0.24
2017-12-20,000668,14.78,14.76,14.88,14.62,4726,6969917.0,1.76,-0.14,-0.02,0.32
2017-12-21,000668,14.64,14.79,14.79,14.45,3863,5663070.0,2.3,0.2,0.03,0.26
2017-12-22,000668,14.77,14.62,14.77,14.27,5764,8350369.0,3.38,-1.15,-0.17,0.39
2017-12-25,000668,14.6,14.44,14.65,14.39,3910,5679535.0,1.78,-1.23,-0.18,0.27
2017-12-26,000668,14.43,14.48,14.55,14.36,2783,4020157.0,1.32,0.28,0.04,0.19
2017-12-27,000668,14.48,14.48,14.49,14.38,2596,3751485.0,0.76,0.0,0.0,0.18
2017-12-28,000668,14.47,14.9,15.08,14.39,8449,12444806.0,4.77,2.9,0.42,0.58
2017-12-29,000668,14.97,14.96,14.97,14.66,2976,4411871.0,2.08,0.4,0.06,0.2
2018-01-02,000668,15.0,15.08,15.28,14.97,6932,10470367.0,2.07,0.8,0.12,0.47
2018-01-03,000668,15.0,14.99,15.08,14.82,6120,9138636.0,1.72,-0.6,-0.09,0.42
2018-01-04,000668,15.01,15.49,16.47,14.99,20053,30993279.0,9.87,3.34,0.5,1.37
2018-01-05,000668,15.31,15.62,15.79,15.21,19042,29509814.0,3.74,0.84,0.13,1.3
2018-01-08,000668,15.5,15.34,15.59,15.15,7844,12068117.0,2.82,-1.79,-0.28,0.53
2018-01-09,000668,15.26,15.23,15.67,15.1,12282,18860618.0,3.72,-0.72,-0.11,0.84
2018-01-10,000668,15.1,15.12,15.34,15.03,6456,9769272.0,2.04,-0.72,-0.11,0.44
2018-01-11,000668,15.2,15.12,15.2,14.94,4504,6789868.0,1.72,0.0,0.0,0.31
2018-01-12,000668,15.16,15.41,15.62,15.05,15902,24563475.0,3.77,1.92,0.29,1.08
2018-01-15,000668,15.59,15.41,16.13,15.2,17117,26876168.0,6.04,0.0,0.0,1.17
2018-01-16,000668,15.37,15.61,15.76,15.1,10542,16265925.0,4.28,1.3,0.2,0.72
2018-01-17,000668,15.55,15.41,15.61,15.3,5146,7917087.0,1.99,-1.28,-0.2,0.35
2018-01-18,000668,15.43,15.33,15.46,15.19,5193,7949909.0,1.75,-0.52,-0.08,0.35
2018-01-19,000668,15.33,15.33,15.48,15.24,6472,9931712.0,1.57,0.0,0.0,0.44
2018-01-22,000668,15.28,15.26,15.56,15.08,3657,5568522.0,3.13,-0.46,-0.07,0.25
2018-01-23,000668,15.3,15.27,15.37,15.14,4359,6650492.0,1.51,0.07,0.01,0.3
2018-01-24,000668,15.35,15.25,15.35,15.14,4169,6351422.0,1.38,-0.13,-0.02,0.28
2018-01-25,000668,15.27,15.31,15.44,15.1,8181,12441657.0,2.23,0.39,0.06,0.56
2018-01-26,000668,15.41,15.16,15.41,15.02,6393,9706828.0,2.55,-0.98,-0.15,0.44
2018-01-29,000668,15.16,14.85,15.25,14.81,5120,7711663.0,2.9,-2.04,-0.31,0.35
2018-01-30,000668,14.92,14.82,15.03,14.67,5218,7714210.0,2.42,-0.2,-0.03,0.36
2018-01-31,000668,14.79,14.23,14.79,14.19,8795,12610662.0,4.05,-3.98,-0.59,0.6
2018-02-01,000668,14.37,14.12,14.37,13.86,9409,13302371.0,3.58,-0.77,-0.11,0.64
2018-02-02,000668,14.01,13.79,14.05,13.6,8688,11989107.0,3.19,-2.34,-0.33,0.59
2018-02-05,000668,13.62,14.04,15.17,13.55,6596,9359307.0,11.75,1.81,0.25,0.45
2018-02-06,000668,14.05,12.64,14.05,12.64,12385,16210369.0,10.04,-9.97,-1.4,0.84
2018-02-07,000668,12.4,12.51,12.78,12.01,13534,16783740.0,6.09,-1.03,-0.13,0.92
2018-02-08,000668,12.53,12.93,12.98,12.51,5875,7452775.0,3.76,3.36,0.42,0.4
2018-02-09,000668,12.73,12.2,12.73,12.0,6291,7763270.0,5.65,-5.65,-0.73,0.43
2018-02-12,000668,12.7,12.38,12.7,12.25,10200,12646568.0,3.69,1.48,0.18,0.7
2018-02-13,000668,12.37,13.62,13.62,12.22,19991,26211839.0,11.31,10.02,1.24,1.36
2018-02-14,000668,13.8,13.2,13.97,12.99,14445,19486493.0,7.2,-3.08,-0.42,0.98
2018-02-22,000668,13.28,13.65,13.76,13.24,16714,22726716.0,3.94,3.41,0.45,1.14
2018-02-23,000668,13.58,13.5,13.74,13.31,5488,7438903.0,3.15,-1.1,-0.15,0.37
2018-02-26,000668,13.5,13.36,13.54,13.25,9295,12444985.0,2.15,-1.04,-0.14,0.63
2018-02-27,000668,13.36,13.42,13.73,13.33,11496,15500302.0,2.99,0.45,0.06,0.78
2018-02-28,000668,13.3,13.42,13.44,13.16,7401,9861935.0,2.09,0.0,0.0,0.5
2018-03-01,000668,13.38,13.42,13.48,13.19,5840,7810732.0,2.16,0.0,0.0,0.4
2018-03-02,000668,13.39,13.4,13.43,13.3,3761,5032716.0,0.97,-0.15,-0.02,0.26
2018-03-05,000668,13.43,13.48,13.49,13.3,4365,5846273.0,1.42,0.6,0.08,0.3
2018-03-06,000668,13.45,13.61,13.66,13.37,5973,8085938.0,2.15,0.96,0.13,0.41
2018-03-07,000668,13.51,13.35,13.61,13.34,6017,8079896.0,1.98,-1.91,-0.26,0.41
2018-03-08,000668,13.25,13.42,13.56,13.25,5337,7183845.0,2.32,0.52,0.07,0.36
2018-03-09,000668,13.48,13.51,13.53,13.32,6023,8094144.0,1.56,0.67,0.09,0.41
2018-03-12,000668,13.55,13.58,13.65,13.48,10306,13966980.0,1.26,0.52,0.07,0.7
2018-03-13,000668,13.59,13.58,13.7,13.49,11136,15125505.0,1.55,0.0,0.0,0.76
2018-03-14,000668,13.56,13.46,13.86,13.36,23224,31657181.0,3.68,-0.88,-0.12,1.58
2018-03-15,000668,13.2,13.05,13.28,12.7,14182,18476260.0,4.31,-3.05,-0.41,0.97
2018-03-16,000668,13.0,13.04,13.13,12.9,4964,6482367.0,1.76,-0.08,-0.01,0.34
2018-03-19,000668,13.0,12.87,13.04,12.81,3604,4652780.0,1.76,-1.3,-0.17,0.25
2018-03-20,000668,12.85,12.96,12.96,12.74,5057,6487359.0,1.71,0.7,0.09,0.34
2018-03-21,000668,12.91,12.81,13.08,12.72,5306,6871916.0,2.78,-1.16,-0.15,0.36
2018-03-22,000668,12.95,13.06,13.15,12.77,6024,7826876.0,2.97,1.95,0.25,0.41
2018-03-23,000668,12.55,12.33,12.75,12.16,10027,12488862.0,4.52,-5.59,-0.73,0.68
2018-03-26,000668,12.27,12.42,12.47,11.78,5018,6100341.0,5.6,0.73,0.09,0.34
2018-03-27,000668,12.42,12.8,12.8,12.42,5493,6915136.0,3.06,3.06,0.38,0.37
2018-03-28,000668,12.61,12.8,12.86,12.54,4075,5178590.0,2.5,0.0,0.0,0.28
2018-03-29,000668,12.86,12.83,12.87,12.72,4947,6334631.0,1.17,0.23,0.03,0.34
2018-03-30,000668,12.83,12.97,12.98,12.81,6747,8690756.0,1.33,1.09,0.14,0.46
2018-04-02,000668,12.96,12.88,13.0,12.8,5665,7306532.0,1.54,-0.69,-0.09,0.39
2018-04-03,000668,12.64,12.73,12.84,12.5,5783,7348397.0,2.64,-1.16,-0.15,0.39
2018-04-04,000668,12.8,12.73,12.93,12.7,3683,4718571.0,1.81,0.0,0.0,0.25
2018-04-09,000668,12.7,12.64,12.84,12.52,4603,5812554.0,2.51,-0.71,-0.09,0.31
2018-04-10,000668,12.67,12.65,12.75,12.49,5750,7251967.0,2.06,0.08,0.01,0.39
2018-04-11,000668,12.58,12.65,12.74,12.56,3939,4981593.0,1.42,0.0,0.0,0.27
2018-04-12,000668,12.65,13.04,13.36,12.56,14058,18350142.0,6.32,3.08,0.39,0.96
2018-04-13,000668,13.0,12.89,13.15,12.75,6010,7791255.0,3.07,-1.15,-0.15,0.41
2018-04-16,000668,12.8,12.62,12.89,12.42,6424,8080342.0,3.65,-2.09,-0.27,0.44
2018-04-17,000668,12.67,12.45,12.69,12.22,4309,5378454.0,3.72,-1.35,-0.17,0.29
2018-04-18,000668,12.54,12.62,12.69,12.3,5444,6800275.0,3.13,1.37,0.17,0.37
2018-04-19,000668,12.62,12.73,13.06,12.47,5345,6831388.0,4.68,0.87,0.11,0.36
2018-04-20,000668,12.64,12.5,13.01,12.4,5436,6917950.0,4.79,-1.81,-0.23,0.37
2018-04-23,000668,12.51,12.49,12.65,12.25,3140,3903546.0,3.2,-0.08,-0.01,0.21
2018-04-24,000668,12.49,12.7,12.7,12.43,3098,3908492.0,2.16,1.68,0.21,0.21
2018-04-25,000668,12.7,12.89,12.95,12.6,5854,7486401.0,2.76,1.5,0.19,0.4
2018-04-26,000668,12.98,12.7,12.98,12.6,5688,7270095.0,2.95,-1.47,-0.19,0.39
2018-04-27,000668,12.82,12.87,12.9,12.51,5560,7073613.0,3.07,1.34,0.17,0.38
2018-05-02,000668,12.89,12.87,12.9,12.63,2314,2964362.0,2.1,0.0,0.0,0.16
2018-05-03,000668,12.88,12.9,13.03,12.7,5275,6783783.0,2.56,0.23,0.03,0.36
2018-05-04,000668,12.92,13.08,13.25,12.83,7661,10000858.0,3.26,1.4,0.18,0.52
2018-05-07,000668,13.03,13.15,13.18,12.95,5685,7417153.0,1.76,0.54,0.07,0.39
2018-05-08,000668,13.03,13.14,13.17,13.03,3557,4660383.0,1.06,-0.08,-0.01,0.24
2018-05-09,000668,13.48,13.56,13.9,13.16,12497,16962653.0,5.63,3.2,0.42,0.85
2018-05-10,000668,13.42,13.38,13.69,13.28,9394,12581942.0,3.02,-1.33,-0.18,0.64
2018-05-11,000668,13.34,13.35,13.42,13.22,6269,8373682.0,1.49,-0.22,-0.03,0.43
2018-05-14,000668,13.38,13.3,13.48,13.21,5032,6718745.0,2.02,-0.37,-0.05,0.34
2018-05-15,000668,13.44,13.47,13.53,13.23,4852,6503020.0,2.26,1.28,0.17,0.33
2018-05-16,000668,13.4,13.29,13.46,13.28,4752,6335190.0,1.34,-1.34,-0.18,0.32
2018-05-17,000668,13.28,13.32,13.35,13.19,3448,4582684.0,1.2,0.23,0.03,0.24
2018-05-18,000668,13.37,13.29,13.39,12.3,4406,5825914.0,8.18,-0.23,-0.03,0.3
2018-05-21,000668,13.26,13.39,13.46,13.16,4022,5349201.0,2.26,0.75,0.1,0.27
2018-05-22,000668,13.26,13.39,13.49,13.24,2125,2831943.0,1.87,0.0,0.0,0.14
2018-05-23,000668,13.39,13.26,13.39,13.18,2748,3642119.0,1.57,-0.97,-0.13,0.19
2018-05-24,000668,13.16,13.23,13.37,13.16,2686,3559752.0,1.58,-0.23,-0.03,0.18
2018-05-25,000668,13.23,13.12,13.29,12.96,3658,4790798.0,2.49,-0.83,-0.11,0.25
2018-05-28,000668,13.17,13.79,13.83,13.17,27740,37943116.0,5.03,5.11,0.67,1.89
2018-05-29,000668,13.52,13.64,13.97,13.51,13672,18704909.0,3.34,-1.09,-0.15,0.93
2018-05-30,000668,13.5,12.81,13.52,12.6,14736,19210604.0,6.74,-6.09,-0.83,1.0
2018-05-31,000668,12.92,13.04,13.14,12.5,8202,10553543.0,5.0,1.8,0.23,0.56
2018-06-01,000668,12.87,12.83,12.99,12.73,4775,6140353.0,1.99,-1.61,-0.21,0.33
2018-06-04,000668,12.76,12.62,12.89,12.62,3109,3971412.0,2.1,-1.64,-0.21,0.21
2018-06-05,000668,12.63,12.76,12.78,12.47,4915,6217878.0,2.46,1.11,0.14,0.34
2018-06-06,000668,12.72,12.71,12.81,12.57,3026,3834990.0,1.88,-0.39,-0.05,0.21
2018-06-07,000668,12.7,12.57,12.83,12.45,4275,5367055.0,2.99,-1.1,-0.14,0.29
2018-06-08,000668,12.5,12.51,12.62,12.32,2360,2932634.0,2.39,-0.48,-0.06,0.16
2018-06-11,000668,12.52,12.47,12.59,12.39,3003,3755241.0,1.6,-0.32,-0.04,0.2
2018-06-12,000668,12.4,12.63,12.63,12.4,2625,3295469.0,1.84,1.28,0.16,0.18
2018-06-13,000668,12.66,12.5,12.7,12.42,2271,2844561.0,2.22,-1.03,-0.13,0.15
2018-06-14,000668,12.47,12.43,12.55,12.29,3371,4172044.0,2.08,-0.56,-0.07,0.23
2018-06-15,000668,12.49,11.99,12.49,11.59,5849,7056300.0,7.24,-3.54,-0.44,0.4
2018-06-19,000668,11.96,10.86,11.96,10.79,9792,10856963.0,9.76,-9.42,-1.13,0.67
2018-06-20,000668,10.87,10.74,10.98,10.3,8489,8981069.0,6.26,-1.1,-0.12,0.58
2018-06-21,000668,10.69,10.47,10.69,10.32,4217,4416752.0,3.45,-2.51,-0.27,0.29
2018-06-22,000668,10.4,10.65,10.79,10.12,3172,3344384.0,6.4,1.72,0.18,0.22
2018-06-25,000668,10.96,10.63,10.98,10.53,2355,2511073.0,4.23,-0.19,-0.02,0.16
2018-06-26,000668,10.6,10.75,10.75,10.05,2443,2580195.0,6.59,1.13,0.12,0.17
2018-06-27,000668,10.65,10.66,10.79,10.5,2195,2335120.0,2.7,-0.84,-0.09,0.15
2018-06-28,000668,10.6,10.55,10.85,10.52,2172,2313030.0,3.1,-1.03,-0.11,0.15
2018-06-29,000668,10.44,10.93,10.95,10.3,3698,3985642.0,6.16,3.6,0.38,0.25
2018-07-02,000668,10.82,10.8,11.0,10.71,2641,2870750.0,2.65,-1.19,-0.13,0.18
2018-07-03,000668,10.82,10.92,10.93,10.66,2868,3108810.0,2.5,1.11,0.12,0.2
2018-07-04,000668,10.89,10.8,10.92,10.72,1547,1672166.0,1.83,-1.1,-0.12,0.11
2018-07-05,000668,10.82,10.7,10.87,10.59,1502,1613260.0,2.59,-0.93,-0.1,0.1
2018-07-06,000668,10.83,10.87,10.9,10.55,3188,3450200.0,3.27,1.59,0.17,0.22
2018-07-09,000668,10.89,10.9,10.95,10.78,3421,3711618.0,1.56,0.28,0.03,0.23
2018-07-10,000668,10.89,10.85,10.93,10.75,1672,1814029.0,1.65,-0.46,-0.05,0.11
2018-07-11,000668,11.08,10.67,11.6,10.42,1923,2056920.0,10.88,-1.66,-0.18,0.13
2018-07-12,000668,10.5,10.82,10.9,10.5,4144,4456765.0,3.75,1.41,0.15,0.28
2018-07-13,000668,10.65,10.81,10.82,10.55,1872,2006879.0,2.5,-0.09,-0.01,0.13
2018-07-16,000668,10.75,10.82,10.88,10.6,3997,4297724.0,2.59,0.09,0.01,0.27
2018-07-17,000668,10.83,10.81,10.85,10.6,4642,4995844.0,2.31,-0.09,-0.01,0.32
2018-07-18,000668,11.13,11.08,11.55,10.99,31915,35751801.0,5.18,2.5,0.27,2.18
2018-07-19,000668,10.94,10.41,11.06,10.41,17670,18740860.0,5.87,-6.05,-0.67,1.2
2018-07-20,000668,10.43,10.55,10.66,10.13,11021,11424260.0,5.09,1.34,0.14,0.75
2018-07-23,000668,10.47,10.47,10.55,10.25,7345,7616803.0,2.84,-0.76,-0.08,0.5
2018-07-24,000668,10.4,10.57,10.61,10.37,8819,9274901.0,2.29,0.96,0.1,0.6
2018-07-25,000668,10.55,10.62,10.67,10.5,6761,7163725.0,1.61,0.47,0.05,0.46
2018-07-26,000668,10.53,10.87,11.05,10.53,11626,12505617.0,4.9,2.35,0.25,0.79
2018-07-27,000668,10.88,10.7,10.91,10.6,6938,7459541.0,2.85,-1.56,-0.17,0.47
2018-07-30,000668,10.61,10.28,10.72,10.17,6801,7084871.0,5.14,-3.93,-0.42,0.46
2018-07-31,000668,10.22,10.46,10.54,10.21,4618,4815242.0,3.21,1.75,0.18,0.31
2018-08-01,000668,10.46,10.54,10.63,10.35,5210,5451986.0,2.68,0.76,0.08,0.36
2018-08-02,000668,10.41,10.01,10.55,9.66,8833,8834068.0,8.44,-5.03,-0.53,0.6
2018-08-03,000668,9.9,9.98,10.15,9.88,4334,4332672.0,2.7,-0.3,-0.03,0.3
2018-08-06,000668,9.92,9.4,9.94,9.26,7291,6949904.0,6.81,-5.81,-0.58,0.5
2018-08-07,000668,9.47,9.7,9.76,9.31,5084,4853784.0,4.79,3.19,0.3,0.35
2018-08-08,000668,9.69,9.57,9.69,9.47,5424,5190720.0,2.27,-1.34,-0.13,0.37
2018-08-09,000668,9.58,9.79,9.89,9.4,6009,5834786.0,5.12,2.3,0.22,0.41
2018-08-10,000668,9.77,10.0,10.06,9.75,4657,4637744.0,3.17,2.15,0.21,0.32
2018-08-13,000668,10.05,9.95,10.06,9.7,5549,5479482.0,3.6,-0.5,-0.05,0.38
2018-08-14,000668,9.94,9.95,10.2,9.82,4312,4313232.0,3.82,0.0,0.0,0.29
2018-08-15,000668,9.97,9.81,10.09,9.8,2850,2817953.0,2.91,-1.41,-0.14,0.19
2018-08-16,000668,9.79,9.95,10.35,9.52,11961,11909175.0,8.46,1.43,0.14,0.82
2018-08-17,000668,9.85,9.4,9.94,9.39,11217,10841810.0,5.53,-5.53,-0.55,0.76
2018-08-20,000668,9.3,9.29,9.47,9.11,7716,7145799.0,3.83,-1.17,-0.11,0.53
2018-08-21,000668,9.29,9.3,9.38,9.17,9866,9127392.0,2.26,0.11,0.01,0.67
2018-08-22,000668,9.31,9.11,9.31,9.06,5064,4647218.0,2.69,-2.04,-0.19,0.35
2018-08-23,000668,9.1,9.18,9.26,9.0,8078,7380033.0,2.85,0.77,0.07,0.55
2018-08-24,000668,9.15,9.18,9.22,9.09,4840,4435927.0,1.42,0.0,0.0,0.33
2018-08-27,000668,9.18,9.31,9.35,9.16,4895,4532816.0,2.07,1.42,0.13,0.33
2018-08-28,000668,9.32,9.33,9.44,9.26,6879,6419079.0,1.93,0.21,0.02,0.47
2018-08-29,000668,9.35,9.25,9.35,9.15,3151,2922873.0,2.14,-0.86,-0.08,0.21
2018-08-30,000668,9.25,9.11,9.29,9.1,4098,3763067.0,2.05,-1.51,-0.14,0.28
2018-08-31,000668,9.02,9.2,9.35,8.89,9385,8626923.0,5.05,0.99,0.09,0.64
2018-09-03,000668,9.18,9.01,9.18,8.81,9414,8422326.0,4.02,-2.07,-0.19,0.64
2018-09-04,000668,9.01,9.15,9.23,8.93,7115,6445615.0,3.33,1.55,0.14,0.49
2018-09-05,000668,9.13,9.13,9.33,9.05,4841,4450335.0,3.06,-0.22,-0.02,0.33
2018-09-06,000668,9.2,9.2,9.4,9.07,7404,6868602.0,3.61,0.77,0.07,0.5
2018-09-07,000668,9.15,9.08,9.31,9.0,7487,6852139.0,3.37,-1.3,-0.12,0.51
2018-09-10,000668,9.01,8.91,9.1,8.91,6100,5491562.0,2.09,-1.87,-0.17,0.42
2018-09-11,000668,8.92,9.09,9.15,8.82,5295,4743973.0,3.7,2.02,0.18,0.36
2018-09-12,000668,9.09,9.01,9.22,9.0,4395,4009424.0,2.42,-0.88,-0.08,0.3
2018-09-13,000668,9.13,9.06,9.15,8.96,4051,3675131.0,2.11,0.55,0.05,0.28
2018-09-14,000668,9.07,9.13,9.29,9.0,6535,5975532.0,3.2,0.77,0.07,0.45
2018-09-17,000668,9.15,9.05,9.15,9.0,4946,4480253.0,1.64,-0.88,-0.08,0.34
2018-09-18,000668,9.08,9.15,9.15,9.0,5265,4776615.0,1.66,1.1,0.1,0.36
2018-09-19,000668,9.13,9.27,9.48,9.08,9885,9169271.0,4.37,1.31,0.12,0.67
2018-09-20,000668,9.2,9.22,9.36,9.0,7491,6896943.0,3.88,-0.54,-0.05,0.51
2018-09-21,000668,9.21,9.32,9.39,9.16,7991,7386365.0,2.49,1.08,0.1,0.54
2018-09-25,000668,9.29,9.37,9.38,9.18,5136,4755673.0,2.15,0.54,0.05,0.35
2018-09-26,000668,9.38,9.28,9.39,9.2,4015,3728738.0,2.03,-0.96,-0.09,0.27
2018-09-27,000668,9.28,8.94,9.3,8.92,9397,8497975.0,4.09,-3.66,-0.34,0.64
2018-09-28,000668,8.94,9.04,9.09,8.93,5017,4518747.0,1.79,1.12,0.1,0.34
2018-10-08,000668,8.97,8.51,8.97,8.44,6097,5299991.0,5.86,-5.86,-0.53,0.42
2018-10-09,000668,8.49,8.57,8.65,8.49,2882,2469170.0,1.88,0.71,0.06,0.2
2018-10-10,000668,8.62,8.62,8.66,8.53,3730,3202178.0,1.52,0.58,0.05,0.25
2018-10-11,000668,8.4,7.76,8.61,7.76,11923,9579005.0,9.86,-9.98,-0.86,0.81
2018-10-12,000668,7.6,7.53,7.87,7.31,8206,6282997.0,7.22,-2.96,-0.23,0.56
2018-10-15,000668,7.55,7.39,7.9,7.38,8402,6366380.0,6.91,-1.86,-0.14,0.57
2018-10-16,000668,7.41,7.27,7.52,7.15,6745,4954083.0,5.01,-1.62,-0.12,0.46
2018-10-17,000668,7.31,7.47,7.51,7.25,6693,4952687.0,3.58,2.75,0.2,0.46
2018-10-18,000668,7.42,7.3,7.59,7.11,13979,10220963.0,6.43,-2.28,-0.17,0.95
2018-10-19,000668,7.23,7.43,7.56,7.0,9615,7014781.0,7.67,1.78,0.13,0.66
2018-10-22,000668,8.16,8.17,8.17,8.0,49420,40324406.0,2.29,9.96,0.74,3.37
2018-10-23,000668,8.1,8.35,8.99,8.08,53916,45659880.0,11.14,2.2,0.18,3.68
2018-10-24,000668,8.16,8.17,8.3,8.02,31764,26023776.0,3.35,-2.16,-0.18,2.17
2018-10-25,000668,7.88,8.4,8.4,7.72,29776,23972264.0,8.32,2.82,0.23,2.03
2018-10-26,000668,8.41,9.24,9.24,8.35,22895,20793277.0,10.6,10.0,0.84,1.56
2018-10-29,000668,9.44,9.16,9.89,9.0,51982,49174453.0,9.63,-0.87,-0.08,3.54
2018-10-30,000668,8.81,9.07,9.5,8.36,38896,34315220.0,12.45,-0.98,-0.09,2.65
2018-10-31,000668,8.97,8.97,9.23,8.82,27310,24629237.0,4.52,-1.1,-0.1,1.86
2018-11-01,000668,9.02,8.88,9.16,8.86,20088,18097912.0,3.34,-1.0,-0.09,1.37
2018-11-02,000668,8.96,9.49,9.66,8.96,41142,38830968.0,7.88,6.87,0.61,2.8
2018-11-05,000668,9.41,9.52,9.6,9.31,24581,23276512.0,3.06,0.32,0.03,1.68
2018-11-06,000668,9.52,9.37,9.52,9.23,13320,12447416.0,3.05,-1.58,-0.15,0.91
2018-11-07,000668,9.37,9.3,9.4,9.23,10425,9716722.0,1.81,-0.75,-0.07,0.71
2018-11-08,000668,9.31,9.44,9.55,9.27,13019,12259395.0,3.01,1.51,0.14,0.89
2018-11-09,000668,9.28,9.16,9.39,8.89,13046,11980620.0,5.3,-2.97,-0.28,0.89
2018-11-12,000668,9.15,9.78,9.96,9.13,27753,26661592.0,9.06,6.77,0.62,1.89
2018-11-13,000668,9.65,10.22,10.45,9.51,32088,31755892.0,9.61,4.5,0.44,2.19
2018-11-14,000668,10.2,10.13,10.34,9.92,17268,17428074.0,4.11,-0.88,-0.09,1.18
2018-11-15,000668,10.18,10.55,10.98,10.02,21466,22481690.0,9.48,4.15,0.42,1.46
2018-11-16,000668,10.53,10.73,10.95,10.53,18163,19524033.0,3.98,1.71,0.18,1.24
2018-11-19,000668,10.73,11.8,11.8,10.6,33532,38566004.0,11.18,9.97,1.07,2.29
2018-11-20,000668,11.8,11.38,12.4,11.18,32447,37948106.0,10.34,-3.56,-0.42,2.21
2018-11-21,000668,11.26,11.5,11.73,11.26,11119,12710077.0,4.13,1.05,0.12,0.76
2018-11-22,000668,11.6,11.85,11.99,11.41,10632,12438079.0,5.04,3.04,0.35,0.72
2018-11-23,000668,11.84,10.92,11.94,10.92,20669,23444546.0,8.61,-7.85,-0.93,1.41
2018-11-26,000668,10.92,10.84,11.36,10.61,11744,12930112.0,6.87,-0.73,-0.08,0.8
2018-11-27,000668,11.09,11.16,11.27,10.85,11284,12564386.0,3.87,2.95,0.32,0.77
2018-11-28,000668,11.38,10.93,11.38,10.83,10402,11421181.0,4.93,-2.06,-0.23,0.71
2018-11-29,000668,10.88,11.04,11.31,10.83,15726,17502390.0,4.39,1.01,0.11,1.07
2018-11-30,000668,10.82,10.65,11.14,10.09,15919,16760135.0,9.51,-3.53,-0.39,1.09
2018-12-03,000668,10.8,11.29,11.46,10.65,18560,20649620.0,7.61,6.01,0.64,1.27
2018-12-04,000668,11.36,11.06,11.36,10.8,10989,12112839.0,4.96,-2.04,-0.23,0.75
2018-12-05,000668,11.0,11.05,11.15,10.9,8578,9443575.0,2.26,-0.09,-0.01,0.58
2018-12-06,000668,10.98,10.65,10.98,10.55,8698,9309406.0,3.89,-3.62,-0.4,0.59
2018-12-07,000668,10.65,10.67,10.8,10.53,3432,3639774.0,2.54,0.19,0.02,0.23
2018-12-10,000668,10.66,10.63,10.66,10.28,5165,5398505.0,3.56,-0.37,-0.04,0.35
2018-12-11,000668,10.65,10.89,10.95,10.51,7344,7911541.0,4.14,2.45,0.26,0.5
2018-12-12,000668,11.17,10.89,11.17,10.75,5960,6533285.0,3.86,0.0,0.0,0.41
2018-12-13,000668,11.0,11.02,11.13,10.76,5542,6100748.0,3.4,1.19,0.13,0.38
2018-12-14,000668,10.96,10.51,11.02,10.51,6439,6907306.0,4.63,-4.63,-0.51,0.44
2018-12-17,000668,10.42,10.5,10.68,10.32,3636,3799561.0,3.43,-0.1,-0.01,0.25
2018-12-18,000668,10.39,10.51,10.58,10.2,6259,6484820.0,3.62,0.1,0.01,0.43
2018-12-19,000668,10.59,10.22,10.59,10.13,4601,4749410.0,4.38,-2.76,-0.29,0.31
2018-12-20,000668,10.49,10.4,10.75,10.26,16079,16794667.0,4.79,1.76,0.18,1.1
2018-12-21,000668,10.32,10.47,10.58,10.22,9277,9728562.0,3.46,0.67,0.07,0.63
2018-12-24,000668,10.7,10.19,10.7,10.1,8907,9237581.0,5.73,-2.67,-0.28,0.61
2018-12-25,000668,10.11,9.71,10.11,9.45,10590,10287892.0,6.48,-4.71,-0.48,0.72
2018-12-26,000668,9.78,10.14,10.32,9.69,13049,13193727.0,6.49,4.43,0.43,0.89
2018-12-27,000668,10.35,10.14,10.48,9.85,9764,9998249.0,6.21,0.0,0.0,0.67
2018-12-28,000668,10.18,9.9,10.26,9.59,19484,19108195.0,6.61,-2.37,-0.24,1.33
2019-01-02,000668,9.87,9.99,10.29,9.72,13272,13338206.0,5.76,0.91,0.09,0.9
2019-01-03,000668,10.01,10.15,10.43,10.0,9968,10189710.0,4.3,1.6,0.16,0.68
2019-01-04,000668,10.18,10.28,10.34,9.91,9541,9727818.0,4.24,1.28,0.13,0.65
2019-01-07,000668,10.45,10.31,10.45,10.25,9965,10306353.0,1.95,0.29,0.03,0.68
2019-01-08,000668,10.12,10.05,10.28,10.03,8928,9039630.0,2.42,-2.52,-0.26,0.61
2019-01-09,000668,10.05,10.23,10.32,10.05,8671,8859835.0,2.69,1.79,0.18,0.59
2019-01-10,000668,10.09,9.77,10.19,9.61,25178,24805250.0,5.67,-4.5,-0.46,1.72
2019-01-11,000668,9.76,9.89,9.9,9.7,11803,11572903.0,2.05,1.23,0.12,0.8
2019-01-14,000668,9.92,9.93,10.07,9.81,7654,7611368.0,2.63,0.4,0.04,0.52
2019-01-15,000668,9.98,9.93,10.15,9.82,7191,7155082.0,3.32,0.0,0.0,0.49
2019-01-16,000668,9.96,9.84,10.01,9.73,11321,11135783.0,2.82,-0.91,-0.09,0.77
2019-01-17,000668,9.87,9.68,9.95,9.61,5801,5656083.0,3.46,-1.63,-0.16,0.4
2019-01-18,000668,9.62,9.52,9.81,9.48,8449,8087081.0,3.41,-1.65,-0.16,0.58
2019-01-21,000668,9.67,9.66,9.7,9.5,4609,4446082.0,2.1,1.47,0.14,0.31
2019-01-22,000668,9.59,9.4,9.7,9.31,11108,10466030.0,4.04,-2.69,-0.26,0.76
2019-01-23,000668,9.4,9.32,9.44,9.17,7797,7239262.0,2.87,-0.85,-0.08,0.53
2019-01-24,000668,9.4,9.36,9.42,9.22,6621,6179548.0,2.15,0.43,0.04,0.45
2019-01-25,000668,9.32,9.33,9.64,9.25,10308,9740903.0,4.17,-0.32,-0.03,0.7
2019-01-28,000668,9.33,9.48,9.68,9.17,15727,14927478.0,5.47,1.61,0.15,1.07
2019-01-29,000668,9.53,9.22,9.53,8.8,10567,9724547.0,7.7,-2.74,-0.26,0.72
2019-01-30,000668,9.05,9.08,9.21,8.91,5589,5072882.0,3.25,-1.52,-0.14,0.38
2019-01-31,000668,8.98,8.83,9.28,8.83,6517,5879196.0,4.96,-2.75,-0.25,0.44
2019-02-01,000668,9.08,9.28,9.45,8.83,9182,8390975.0,7.02,5.1,0.45,0.63
2019-02-11,000668,9.28,9.48,9.48,9.14,8678,8095369.0,3.66,2.16,0.2,0.59
2019-02-12,000668,9.41,9.52,9.59,9.37,8176,7746150.0,2.32,0.42,0.04,0.56
2019-02-13,000668,9.53,9.78,9.79,9.41,13365,12839866.0,3.99,2.73,0.26,0.91
2019-02-14,000668,9.85,10.19,10.27,9.7,21442,21525562.0,5.83,4.19,0.41,1.46
2019-02-15,000668,10.16,10.13,10.16,9.98,10093,10142732.0,1.77,-0.59,-0.06,0.69
2019-02-18,000668,10.1,10.65,10.7,10.07,21950,22920426.0,6.22,5.13,0.52,1.5
2019-02-19,000668,10.75,10.7,10.87,10.39,23386,24857208.0,4.51,0.47,0.05,1.59
2019-02-20,000668,10.7,10.91,10.98,10.57,12658,13649605.0,3.83,1.96,0.21,0.86
2019-02-21,000668,11.22,11.93,11.98,11.22,29081,34325531.0,6.97,9.35,1.02,1.98
2019-02-22,000668,11.9,12.0,12.1,11.73,22664,26913209.0,3.1,0.59,0.07,1.55
2019-02-25,000668,12.7,12.7,13.2,12.5,54780,70407787.0,5.83,5.83,0.7,3.73
2019-02-26,000668,12.7,12.5,12.75,12.42,20589,25881850.0,2.6,-1.57,-0.2,1.4
2019-02-27,000668,12.5,12.54,12.8,12.43,16577,20800104.0,2.96,0.32,0.04,1.13
2019-02-28,000668,12.6,12.63,12.72,12.08,10898,13640583.0,5.1,0.72,0.09,0.74
2019-03-01,000668,12.62,12.53,12.65,12.32,8809,10959058.0,2.61,-0.79,-0.1,0.6
2019-03-04,000668,12.55,12.53,12.75,12.45,21912,27558308.0,2.39,0.0,0.0,1.49
2019-03-05,000668,12.54,12.54,12.7,12.29,19552,24398939.0,3.27,0.08,0.01,1.33
2019-03-06,000668,12.56,12.94,13.58,12.56,45981,59540380.0,8.13,3.19,0.4,3.13
2019-03-07,000668,12.85,12.68,12.9,12.48,37320,47372660.0,3.25,-2.01,-0.26,2.54
2019-03-08,000668,12.48,11.89,12.5,11.86,16886,20698225.0,5.05,-6.23,-0.79,1.15
2019-03-11,000668,11.69,12.13,12.17,11.69,15579,18712833.0,4.04,2.02,0.24,1.06
2019-03-12,000668,12.28,12.16,12.38,11.98,16350,19985966.0,3.3,0.25,0.03,1.11
2019-03-13,000668,12.37,11.94,12.37,11.9,11484,13938259.0,3.87,-1.81,-0.22,0.78
2019-03-14,000668,12.11,11.71,12.11,11.23,8855,10378301.0,7.37,-1.93,-0.23,0.6
2019-03-15,000668,11.53,12.09,12.18,11.53,8460,10139952.0,5.55,3.25,0.38,0.58
2019-03-18,000668,12.24,12.45,12.48,12.04,18665,23013011.0,3.64,2.98,0.36,1.27
2019-03-19,000668,12.45,12.44,12.45,12.23,9376,11566343.0,1.77,-0.08,-0.01,0.64
2019-03-20,000668,12.34,12.62,13.31,12.34,16719,21115980.0,7.8,1.45,0.18,1.14
2019-03-21,000668,12.77,12.69,12.77,12.42,12978,16299146.0,2.77,0.55,0.07,0.88
2019-03-22,000668,12.66,12.47,12.66,12.4,8795,10984226.0,2.05,-1.73,-0.22,0.6
2019-03-25,000668,12.11,12.65,12.71,11.93,23952,29592596.0,6.26,1.44,0.18,1.63
2019-03-26,000668,12.58,12.33,12.86,12.11,14255,17887880.0,5.93,-2.53,-0.32,0.97
2019-03-27,000668,12.36,12.68,12.84,12.23,13946,17478604.0,4.95,2.84,0.35,0.95
2019-03-28,000668,12.76,12.54,13.26,12.43,29529,38031963.0,6.55,-1.1,-0.14,2.01
2019-03-29,000668,12.41,12.8,12.82,12.4,16637,21041760.0,3.35,2.07,0.26,1.13
2019-04-01,000668,12.9,13.13,13.17,12.76,25875,33661403.0,3.2,2.58,0.33,1.76
2019-04-02,000668,13.13,14.21,14.4,13.13,37770,52577200.0,9.67,8.23,1.08,2.57
2019-04-03,000668,14.41,14.11,14.41,13.95,25659,36347707.0,3.24,-0.7,-0.1,1.75
2019-04-04,000668,14.25,14.45,14.57,13.91,23347,33225357.0,4.68,2.41,0.34,1.59
2019-04-08,000668,14.47,14.62,14.85,14.41,30168,44146903.0,3.04,1.18,0.17,2.06
2019-04-09,000668,14.5,15.65,15.97,14.4,34359,52747407.0,10.74,7.05,1.03,2.34
2019-04-10,000668,15.62,15.65,16.33,15.2,27476,43349004.0,7.22,0.0,0.0,1.87
2019-04-11,000668,15.65,16.25,16.45,15.65,24503,39508624.0,5.11,3.83,0.6,1.67
2019-04-12,000668,16.37,16.15,16.45,15.9,20679,33291432.0,3.38,-0.62,-0.1,1.41
2019-04-15,000668,16.37,16.26,16.75,16.01,20959,34387763.0,4.58,0.68,0.11,1.43
2019-04-16,000668,16.29,16.15,16.29,15.9,20254,32487602.0,2.4,-0.68,-0.11,1.38
2019-04-17,000668,16.17,17.28,17.33,16.11,31684,53695374.0,7.55,7.0,1.13,2.16
2019-04-18,000668,17.23,16.76,17.38,16.76,18908,32042094.0,3.59,-3.01,-0.52,1.29
2019-04-19,000668,16.77,17.82,17.82,16.5,25205,43889840.0,7.88,6.32,1.06,1.72
2019-04-22,000668,17.68,17.71,18.1,17.6,27395,48951789.0,2.81,-0.62,-0.11,1.87
2019-04-23,000668,17.82,17.02,17.82,16.97,23681,40867973.0,4.8,-3.9,-0.69,1.61
2019-04-24,000668,16.98,16.91,16.98,15.76,22281,36956211.0,7.17,-0.65,-0.11,1.52
2019-04-25,000668,16.98,15.85,17.26,15.81,21234,34966490.0,8.57,-6.27,-1.06,1.45
2019-04-26,000668,15.82,16.28,16.58,15.6,26385,42664156.0,6.18,2.71,0.43,1.8
2019-04-29,000668,16.28,15.5,16.52,15.5,20806,33015399.0,6.27,-4.79,-0.78,1.42
2019-04-30,000668,15.42,16.23,16.29,15.29,19666,31200087.0,6.45,4.71,0.73,1.34
2019-05-06,000668,15.81,14.61,15.84,14.61,28095,42737784.0,7.58,-9.98,-1.62,1.92
2019-05-07,000668,14.98,14.91,15.18,14.42,19411,28828070.0,5.2,2.05,0.3,1.32
2019-05-08,000668,14.54,14.62,14.84,14.2,14721,21376703.0,4.29,-1.95,-0.29,1.0
2019-05-09,000668,14.41,14.68,15.0,14.15,22654,33027048.0,5.81,0.41,0.06,1.54
2019-05-10,000668,14.66,15.18,15.2,14.6,19382,29048201.0,4.09,3.41,0.5,1.32
2019-05-13,000668,15.1,15.38,15.49,15.01,10572,16175345.0,3.16,1.32,0.2,0.72
2019-05-14,000668,15.38,15.61,16.0,15.09,16335,25553002.0,5.92,1.5,0.23,1.11
2019-05-15,000668,15.63,15.91,15.96,15.63,9431,14923288.0,2.11,1.92,0.3,0.64
2019-05-16,000668,15.92,16.4,16.45,15.89,11426,18595270.0,3.52,3.08,0.49,0.78
2019-05-17,000668,16.4,15.7,16.55,15.39,18741,29751823.0,7.07,-4.27,-0.7,1.28
2019-05-20,000668,15.82,15.37,15.82,15.16,12141,18638936.0,4.2,-2.1,-0.33,0.83
2019-05-21,000668,15.3,15.9,15.9,15.3,11923,18628006.0,3.9,3.45,0.53,0.81
2019-05-22,000668,15.98,16.1,16.14,15.7,15411,24663997.0,2.77,1.26,0.2,1.05
2019-05-23,000668,15.9,15.86,16.05,15.81,9449,15048155.0,1.49,-1.49,-0.24,0.64
2019-05-24,000668,15.87,15.85,16.07,15.65,11523,18238945.0,2.65,-0.06,-0.01,0.79
2019-05-27,000668,15.85,16.16,16.16,15.71,9890,15804663.0,2.84,1.96,0.31,0.67
2019-05-28,000668,16.16,16.06,16.23,15.86,8742,14008113.0,2.29,-0.62,-0.1,0.6
2019-05-29,000668,15.99,16.12,16.21,15.91,10001,16103726.0,1.87,0.37,0.06,0.68
2019-05-30,000668,16.11,16.16,16.25,15.93,8749,14049666.0,1.99,0.25,0.04,0.6
2019-05-31,000668,16.01,16.28,16.38,16.01,15712,25486001.0,2.29,0.74,0.12,1.07
2019-06-03,000668,16.16,16.48,16.48,16.1,15012,24421702.0,2.33,1.23,0.2,1.02
2019-06-04,000668,16.5,16.26,16.5,16.01,16011,25925170.0,2.97,-1.33,-0.22,1.09
2019-06-05,000668,16.37,17.45,17.49,16.26,32580,55236962.0,7.56,7.32,1.19,2.22
2019-06-06,000668,17.25,17.2,17.36,16.66,26700,45235000.0,4.01,-1.43,-0.25,1.82
2019-06-10,000668,16.88,17.18,17.27,16.81,14936,25526423.0,2.67,-0.12,-0.02,1.02
2019-06-11,000668,17.05,17.33,17.43,16.92,12522,21496524.0,2.97,0.87,0.15,0.85
2019-06-12,000668,17.24,17.5,17.75,17.08,10419,18230738.0,3.87,0.98,0.17,0.71
2019-06-13,000668,17.49,17.31,17.85,17.31,13755,24058331.0,3.09,-1.09,-0.19,0.94
2019-06-14,000668,17.31,17.48,17.7,17.21,17054,29944253.0,2.83,0.98,0.17,1.16
2019-06-17,000668,17.5,17.5,17.67,17.22,17206,30042734.0,2.57,0.11,0.02,1.17
2019-06-18,000668,17.5,15.75,17.5,15.75,53064,86328418.0,10.0,-10.0,-1.75,3.62
2019-06-19,000668,15.5,16.56,16.7,15.49,50745,82516510.0,7.68,5.14,0.81,3.46
2019-06-20,000668,16.5,16.45,16.73,15.97,40973,66873691.0,4.59,-0.66,-0.11,2.79
2019-06-21,000668,16.45,16.66,16.82,16.31,27463,45444519.0,3.1,1.28,0.21,1.87
2019-06-24,000668,16.66,16.06,16.66,15.92,17234,27809707.0,4.44,-3.6,-0.6,1.17
2019-06-25,000668,16.01,15.49,16.2,15.38,16077,25048037.0,5.11,-3.55,-0.57,1.1
2019-06-26,000668,15.45,15.58,15.79,15.4,14611,22740475.0,2.52,0.58,0.09,1.0
2019-06-27,000668,15.58,16.3,16.33,15.56,17080,27488476.0,4.94,4.62,0.72,1.16
2019-06-28,000668,16.26,16.16,16.36,15.97,9036,14527062.0,2.39,-0.86,-0.14,0.62
2019-07-01,000668,16.18,16.25,16.44,16.18,13514,22026914.0,1.61,0.56,0.09,0.92
2019-07-02,000668,16.23,16.7,16.7,16.2,16100,26453911.0,3.08,2.77,0.45,1.1
2019-07-03,000668,16.78,16.55,16.82,16.48,11612,19293740.0,2.04,-0.9,-0.15,0.79
2019-07-04,000668,16.35,16.45,16.65,16.18,7804,12804918.0,2.84,-0.6,-0.1,0.53
2019-07-05,000668,16.23,16.55,16.55,16.03,8894,14495906.0,3.16,0.61,0.1,0.61
2019-07-08,000668,16.54,16.05,16.54,15.94,8875,14276643.0,3.63,-3.02,-0.5,0.61
2019-07-09,000668,16.05,16.16,16.23,15.75,3187,5133596.0,2.99,0.69,0.11,0.22
2019-07-10,000668,16.02,16.1,16.27,15.99,6379,10254024.0,1.73,-0.37,-0.06,0.43
2019-07-11,000668,16.12,16.29,16.4,16.02,13183,21407945.0,2.36,1.18,0.19,0.9
2019-07-12,000668,16.29,16.24,16.29,16.15,7015,11387957.0,0.86,-0.31,-0.05,0.48
2019-07-15,000668,16.24,16.26,16.39,15.8,15553,25248838.0,3.63,0.12,0.02,1.06
2019-07-16,000668,16.2,16.07,16.23,16.02,7135,11492569.0,1.29,-1.17,-0.19,0.49
2019-07-17,000668,16.07,15.83,16.07,15.0,21772,34116584.0,6.66,-1.49,-0.24,1.48
2019-07-18,000668,15.55,15.41,15.84,15.31,11980,18505035.0,3.35,-2.65,-0.42,0.82
2019-07-19,000668,15.31,15.56,15.8,15.2,11010,17127808.0,3.89,0.97,0.15,0.75
2019-07-22,000668,15.65,15.07,15.65,14.61,10036,15046879.0,6.68,-3.15,-0.49,0.68
2019-07-23,000668,15.01,15.08,15.43,15.01,8530,12924979.0,2.79,0.07,0.01,0.58
2019-07-24,000668,15.02,15.2,15.25,14.86,14244,21425339.0,2.59,0.8,0.12,0.97
2019-07-25,000668,15.07,15.33,15.89,15.07,9998,15378609.0,5.39,0.86,0.13,0.68
2019-07-26,000668,15.29,15.36,15.36,15.21,6512,9950234.0,0.98,0.2,0.03,0.44
2019-07-29,000668,15.35,15.13,15.48,15.1,3416,5198507.0,2.47,-1.5,-0.23,0.23
2019-07-30,000668,15.15,15.42,15.47,15.15,10359,15888073.0,2.12,1.92,0.29,0.71
2019-07-31,000668,15.35,15.39,15.59,15.31,13360,20543949.0,1.82,-0.19,-0.03,0.91
2019-08-01,000668,15.38,15.33,15.46,15.32,7264,11141830.0,0.91,-0.39,-0.06,0.5
2019-08-02,000668,15.04,15.11,15.37,15.0,11302,17019092.0,2.41,-1.44,-0.22,0.77
2019-08-05,000668,15.3,15.03,15.3,14.81,9208,13819967.0,3.24,-0.53,-0.08,0.63
2019-08-06,000668,14.71,14.5,14.96,13.53,22264,31088181.0,9.51,-3.53,-0.53,1.52
2019-08-07,000668,14.25,14.21,14.49,13.87,13169,18629381.0,4.28,-2.0,-0.29,0.9
2019-08-08,000668,14.15,13.99,14.41,13.99,5626,7956382.0,2.96,-1.55,-0.22,0.38
2019-08-09,000668,14.02,13.7,14.27,13.65,7679,10653114.0,4.43,-2.07,-0.29,0.52
2019-08-12,000668,13.73,13.66,13.94,13.51,6819,9325059.0,3.14,-0.29,-0.04,0.46
2019-08-13,000668,13.4,13.84,13.86,13.05,15348,20939511.0,5.93,1.32,0.18,1.05
2019-08-14,000668,14.01,13.76,14.7,13.76,13834,19523149.0,6.79,-0.58,-0.08,0.94
2019-08-15,000668,13.71,13.46,13.71,13.15,15707,21037294.0,4.07,-2.18,-0.3,1.07
2019-08-16,000668,13.31,13.15,13.49,13.15,11351,15130041.0,2.53,-2.3,-0.31,0.77
2019-08-19,000668,12.91,13.62,13.7,12.85,25086,33385488.0,6.46,3.57,0.47,1.71
2019-08-20,000668,13.77,13.51,13.95,13.4,16313,22268854.0,4.04,-0.81,-0.11,1.11
2019-08-21,000668,13.46,13.74,13.87,13.46,18049,24743184.0,3.03,1.7,0.23,1.23
2019-08-22,000668,13.74,13.8,13.98,13.66,11259,15533100.0,2.33,0.44,0.06,0.77
2019-08-23,000668,13.96,13.85,13.96,13.72,11396,15774028.0,1.74,0.36,0.05,0.78
2019-08-26,000668,13.53,13.7,13.94,13.53,12988,17867821.0,2.96,-1.08,-0.15,0.89
2019-08-27,000668,13.86,14.23,14.29,13.74,9831,13867232.0,4.01,3.87,0.53,0.67
2019-08-28,000668,14.23,14.46,14.68,14.23,18967,27512150.0,3.16,1.62,0.23,1.29
2019-08-29,000668,14.64,14.85,15.0,14.62,16128,23911326.0,2.63,2.7,0.39,1.1
2019-08-30,000668,14.85,14.85,15.15,14.71,11226,16777249.0,2.96,0.0,0.0,0.77
2019-09-02,000668,15.0,15.01,15.16,14.7,10471,15695137.0,3.1,1.08,0.16,0.71
2019-09-03,000668,15.27,15.25,15.35,15.1,8914,13577592.0,1.67,1.6,0.24,0.61
2019-09-04,000668,15.36,15.85,15.96,15.01,20129,31658554.0,6.23,3.93,0.6,1.37
2019-09-05,000668,15.98,15.86,16.4,15.72,19750,31778861.0,4.29,0.06,0.01,1.35
2019-09-06,000668,15.86,15.87,16.22,15.6,14003,22169552.0,3.91,0.06,0.01,0.95
2019-09-09,000668,16.15,15.66,16.15,15.51,21271,33397076.0,4.03,-1.32,-0.21,1.45
2019-09-10,000668,15.75,15.63,15.81,15.48,13023,20337974.0,2.11,-0.19,-0.03,0.89
2019-09-11,000668,15.71,15.59,15.8,15.33,11677,18202816.0,3.01,-0.26,-0.04,0.8
2019-09-12,000668,15.6,15.74,15.85,15.45,10570,16530944.0,2.57,0.96,0.15,0.72
2019-09-16,000668,15.77,15.89,16.27,15.59,25578,40633392.0,4.32,0.95,0.15,1.74
2019-09-17,000668,16.01,15.77,16.01,15.21,18694,29227903.0,5.03,-0.76,-0.12,1.27
2019-09-18,000668,15.77,16.33,16.44,15.7,20975,33851205.0,4.69,3.55,0.56,1.43
2019-09-19,000668,16.33,16.47,16.55,16.11,14934,24506242.0,2.69,0.86,0.14,1.02
2019-09-20,000668,16.31,16.29,16.6,16.12,9869,16046032.0,2.91,-1.09,-0.18,0.67
2019-09-23,000668,16.26,16.05,16.4,16.0,9381,15120819.0,2.46,-1.47,-0.24,0.64
2019-09-24,000668,16.15,15.85,16.3,15.85,8224,13163559.0,2.8,-1.25,-0.2,0.56
2019-09-25,000668,16.03,15.65,16.08,15.59,16503,26059115.0,3.09,-1.26,-0.2,1.13
2019-09-26,000668,15.81,15.34,16.1,15.34,16233,25280204.0,4.86,-1.98,-0.31,1.11
2019-09-27,000668,15.34,15.85,16.08,15.15,16256,25515725.0,6.06,3.32,0.51,1.11
2019-09-30,000668,15.6,15.29,16.02,15.25,17111,26465418.0,4.86,-3.53,-0.56,1.17
2019-10-08,000668,15.35,15.56,15.87,15.28,10412,16206418.0,3.86,1.77,0.27,0.71
2019-10-09,000668,15.56,15.6,15.7,15.32,7905,12296254.0,2.44,0.26,0.04,0.54
2019-10-10,000668,15.76,15.7,15.92,15.53,11462,18038670.0,2.5,0.64,0.1,0.78
2019-10-11,000668,15.7,15.48,15.87,15.42,11571,18011344.0,2.87,-1.4,-0.22,0.79
2019-10-14,000668,15.67,15.64,16.1,15.49,22979,36198831.0,3.94,1.03,0.16,1.57
2019-10-15,000668,15.49,15.6,15.79,15.33,12320,19164153.0,2.94,-0.26,-0.04,0.84
2019-10-16,000668,15.66,15.22,15.77,15.22,10765,16642842.0,3.53,-2.44,-0.38,0.73
2019-10-17,000668,15.08,15.48,15.75,15.08,16936,26305227.0,4.4,1.71,0.26,1.15
2019-10-18,000668,15.39,14.88,15.5,14.68,25540,38322706.0,5.3,-3.88,-0.6,1.74
2019-10-21,000668,14.9,15.13,15.18,14.9,15149,22832268.0,1.88,1.68,0.25,1.03
2019-10-22,000668,15.03,15.18,15.21,14.9,10296,15523567.0,2.05,0.33,0.05,0.7
2019-10-23,000668,15.24,15.35,15.63,15.12,24580,37993565.0,3.36,1.12,0.17,1.68
2019-10-24,000668,15.41,15.49,15.65,15.29,25551,39512888.0,2.35,0.91,0.14,1.74
2019-10-25,000668,15.49,15.58,15.6,15.44,15548,24114132.0,1.03,0.58,0.09,1.06
2019-10-28,000668,15.4,14.89,15.57,14.82,30869,46272482.0,4.81,-4.43,-0.69,2.1
2019-10-29,000668,14.89,14.18,14.89,14.05,27866,39850863.0,5.64,-4.77,-0.71,1.9
2019-10-30,000668,14.18,15.6,15.6,14.11,56412,85970666.0,10.51,10.01,1.42,3.85
2019-10-31,000668,15.88,16.13,16.96,15.59,80689,130475075.0,8.78,3.4,0.53,5.5
2019-11-01,000668,16.05,16.7,16.83,15.96,76397,125272257.0,5.39,3.53,0.57,5.21
2019-11-04,000668,16.78,16.6,16.95,16.5,39440,66010704.0,2.69,-0.6,-0.1,2.69
2019-11-05,000668,16.42,16.68,16.76,16.4,27803,46173252.0,2.17,0.48,0.08,1.9
2019-11-06,000668,16.68,16.72,17.1,16.5,36934,62083651.0,3.6,0.24,0.04,2.52
2019-11-07,000668,16.35,17.07,17.22,16.35,40272,68128297.0,5.2,2.09,0.35,2.75
2019-11-08,000668,17.11,16.34,17.96,15.42,124371,208337066.0,14.88,-4.28,-0.73,8.48
2019-11-11,000668,16.08,15.76,16.09,15.0,64188,100096896.0,6.67,-3.55,-0.58,4.38
2019-11-12,000668,15.52,16.58,16.75,15.52,47652,77992215.0,7.8,5.2,0.82,3.25
2019-11-13,000668,16.53,16.39,16.79,16.16,38500,63458602.0,3.8,-1.15,-0.19,2.62
2019-11-14,000668,16.6,16.03,16.6,15.89,30782,50015984.0,4.33,-2.2,-0.36,2.1
2019-11-15,000668,16.02,15.61,16.15,15.52,24092,37974431.0,3.93,-2.62,-0.42,1.64
2019-11-18,000668,15.61,15.2,15.8,15.01,41817,64051821.0,5.06,-2.63,-0.41,2.85
2019-11-19,000668,15.18,15.72,16.14,14.9,37786,58899573.0,8.16,3.42,0.52,2.58
2019-11-20,000668,15.72,15.3,15.87,15.27,25402,39331333.0,3.82,-2.67,-0.42,1.73
2019-11-21,000668,15.38,15.1,15.5,14.99,21766,32917456.0,3.33,-1.31,-0.2,1.48
2019-11-22,000668,15.38,15.19,15.43,15.01,22536,34263037.0,2.78,0.6,0.09,1.54
2019-11-25,000668,15.03,14.78,15.37,14.71,16318,24345605.0,4.34,-2.7,-0.41,1.11
2019-11-26,000668,15.1,14.84,15.1,14.45,16647,24401920.0,4.4,0.41,0.06,1.13
2019-11-27,000668,14.98,14.83,14.98,14.66,14666,21760972.0,2.16,-0.07,-0.01,1.0
2019-11-28,000668,14.83,14.85,14.91,14.68,8286,12245864.0,1.55,0.13,0.02,0.56
2019-11-29,000668,14.96,14.8,15.02,14.61,12288,18196754.0,2.76,-0.34,-0.05,0.84
2019-12-02,000668,14.8,14.83,14.9,14.66,13962,20666606.0,1.62,0.2,0.03,0.95
2019-12-03,000668,14.75,14.81,14.82,14.5,16076,23552045.0,2.16,-0.13,-0.02,1.1
2019-12-04,000668,14.7,14.74,14.94,14.52,8356,12229786.0,2.84,-0.47,-0.07,0.57
2019-12-05,000668,14.6,14.51,14.65,14.42,10684,15493878.0,1.56,-1.56,-0.23,0.73
2019-12-06,000668,14.55,14.6,14.75,14.18,22615,32599033.0,3.93,0.62,0.09,1.54
2019-12-09,000668,14.58,14.34,14.84,14.28,21796,31672832.0,3.84,-1.78,-0.26,1.49
2019-12-10,000668,14.34,14.6,14.75,13.63,36632,51991200.0,7.81,1.81,0.26,2.5
2019-12-11,000668,14.56,14.2,14.65,14.16,20584,29628788.0,3.36,-2.74,-0.4,1.4
2019-12-12,000668,14.31,13.87,14.31,13.87,12927,18106854.0,3.1,-2.32,-0.33,0.88
2019-12-13,000668,13.92,14.16,14.18,13.7,17577,24661234.0,3.46,2.09,0.29,1.2
2019-12-16,000668,14.08,14.14,14.28,14.0,27570,38881050.0,1.98,-0.14,-0.02,1.88
2019-12-17,000668,14.05,14.5,14.58,13.9,23781,33873184.0,4.81,2.55,0.36,1.62
2019-12-18,000668,14.5,14.38,14.86,14.29,35511,51556817.0,3.93,-0.83,-0.12,2.42
2019-12-19,000668,14.36,14.36,14.51,14.23,22740,32594859.0,1.95,-0.14,-0.02,1.55
2019-12-20,000668,14.37,14.04,14.44,14.04,12751,18139662.0,2.79,-2.23,-0.32,0.87
2019-12-23,000668,14.08,13.71,14.16,13.71,15935,22072023.0,3.21,-2.35,-0.33,1.09
2019-12-24,000668,13.71,13.75,13.92,13.61,12667,17388378.0,2.26,0.29,0.04,0.86
2019-12-25,000668,13.78,13.64,13.81,13.55,14866,20291558.0,1.89,-0.8,-0.11,1.01
2019-12-26,000668,13.66,13.5,13.7,13.38,21857,29487170.0,2.35,-1.03,-0.14,1.49
2019-12-27,000668,13.52,13.8,13.92,13.51,20246,27817758.0,3.04,2.22,0.3,1.38
2019-12-30,000668,13.8,13.42,13.91,13.33,24031,32376258.0,4.2,-2.75,-0.38,1.64
2019-12-31,000668,13.33,13.4,13.48,13.16,36193,48157416.0,2.38,-0.15,-0.02,2.47
2020-01-02,000668,13.41,13.85,13.91,13.41,39679,54077924.0,3.73,3.36,0.45,2.7
2020-01-03,000668,13.88,13.61,13.88,13.55,29390,40108951.0,2.38,-1.73,-0.24,2.0
2020-01-06,000668,13.6,13.5,13.65,13.36,27269,36925376.0,2.13,-0.81,-0.11,1.86
2020-01-07,000668,13.59,13.75,13.75,13.5,22762,30997756.0,1.85,1.85,0.25,1.55
2020-01-08,000668,13.69,13.51,13.85,13.51,15920,21702371.0,2.47,-1.75,-0.24,1.09
2020-01-09,000668,13.56,13.74,13.74,13.55,13589,18521008.0,1.41,1.7,0.23,0.93
2020-01-10,000668,13.75,13.67,13.78,13.62,11306,15454478.0,1.16,-0.51,-0.07,0.77
2020-01-13,000668,13.67,13.78,13.84,13.6,15595,21353950.0,1.76,0.8,0.11,1.06
2020-01-14,000668,13.79,13.8,13.9,13.76,15846,21897756.0,1.02,0.15,0.02,1.08
2020-01-15,000668,13.88,13.7,13.88,13.68,9868,13554056.0,1.45,-0.72,-0.1,0.67
2020-01-16,000668,13.69,13.66,13.73,13.41,18896,25567736.0,2.34,-0.29,-0.04,1.29
2020-01-17,000668,13.66,14.23,14.34,13.63,62171,87526900.0,5.2,4.17,0.57,4.24
2020-01-20,000668,14.07,14.53,14.63,14.02,40474,58253748.0,4.29,2.11,0.3,2.76
2020-01-21,000668,14.45,14.43,14.68,14.24,27934,40532284.0,3.03,-0.69,-0.1,1.9
2020-01-22,000668,14.43,14.23,14.46,14.01,17185,24402923.0,3.12,-1.39,-0.2,1.17
2020-01-23,000668,14.2,13.69,14.28,13.32,19152,26290950.0,6.75,-3.79,-0.54,1.31
2020-02-03,000668,12.32,12.32,12.32,12.32,3626,4467232.0,0.0,-10.01,-1.37,0.25
2020-02-04,000668,11.09,11.19,12.0,11.09,43312,48749979.0,7.39,-9.17,-1.13,2.95
2020-02-05,000668,11.26,11.48,11.74,11.19,32515,37516458.0,4.92,2.59,0.29,2.22
2020-02-06,000668,11.56,11.64,12.0,11.4,22133,25795089.0,5.23,1.39,0.16,1.51
2020-02-07,000668,11.64,11.55,11.68,11.42,16820,19403951.0,2.23,-0.77,-0.09,1.15
2020-02-10,000668,11.6,11.72,11.8,11.51,15475,18093187.0,2.51,1.47,0.17,1.05
2020-02-11,000668,11.74,11.81,11.97,11.72,11470,13593010.0,2.13,0.77,0.09,0.78
2020-02-12,000668,11.75,12.03,12.1,11.75,11746,14008358.0,2.96,1.86,0.22,0.8
2020-02-13,000668,12.0,11.93,12.14,11.8,11382,13600607.0,2.83,-0.83,-0.1,0.78
2020-02-14,000668,12.02,11.75,12.02,11.63,9349,11062859.0,3.27,-1.51,-0.18,0.64
2020-02-17,000668,11.82,12.09,12.11,11.82,12622,15160475.0,2.47,2.89,0.34,0.86
2020-02-18,000668,11.97,12.58,12.59,11.97,30130,36921626.0,5.13,4.05,0.49,2.05
2020-02-19,000668,12.47,12.28,12.53,12.22,24639,30424236.0,2.46,-2.38,-0.3,1.68
2020-02-20,000668,12.3,12.32,12.48,12.07,18807,23017641.0,3.34,0.33,0.04,1.28
2020-02-21,000668,12.31,12.36,12.39,12.24,16407,20181299.0,1.22,0.32,0.04,1.12
2020-02-24,000668,12.34,12.1,12.39,11.99,28232,34144827.0,3.24,-2.1,-0.26,1.92
2020-02-25,000668,11.83,11.82,11.92,11.41,28041,32953518.0,4.21,-2.31,-0.28,1.91
2020-02-26,000668,11.73,11.81,12.16,11.52,27770,33042190.0,5.41,-0.08,-0.01,1.89
2020-02-27,000668,12.06,11.77,12.06,11.73,20800,24557135.0,2.79,-0.34,-0.04,1.42
2020-02-28,000668,11.5,11.26,11.65,11.25,22326,25504283.0,3.4,-4.33,-0.51,1.52
2020-03-02,000668,11.26,11.7,11.79,11.23,15284,17689725.0,4.97,3.91,0.44,1.04
2020-03-03,000668,11.7,11.8,11.94,11.62,22742,26782956.0,2.74,0.85,0.1,1.55
2020-03-04,000668,11.72,12.29,12.29,11.69,32417,39126211.0,5.08,4.15,0.49,2.21
2020-03-05,000668,12.28,12.44,12.58,12.21,31859,39425463.0,3.01,1.22,0.15,2.17
2020-03-06,000668,12.35,12.44,12.55,12.25,13755,17081241.0,2.41,0.0,0.0,0.94
2020-03-09,000668,12.25,11.92,12.38,11.92,15683,18938195.0,3.7,-4.18,-0.52,1.07
2020-03-10,000668,11.9,12.15,12.15,11.56,19696,23419927.0,4.95,1.93,0.23,1.34
2020-03-11,000668,12.11,12.01,12.38,12.01,22872,27929462.0,3.05,-1.15,-0.14,1.56
2020-03-12,000668,11.98,11.65,12.15,11.59,26499,31459979.0,4.66,-3.0,-0.36,1.81
2020-03-13,000668,11.23,11.66,11.87,11.11,18915,21538486.0,6.52,0.09,0.01,1.29
2020-03-16,000668,11.86,11.55,12.5,11.53,60146,72434625.0,8.32,-0.94,-0.11,4.1
2020-03-17,000668,11.4,11.15,11.74,10.62,24812,27864073.0,9.7,-3.46,-0.4,1.69
2020-03-18,000668,11.21,11.53,12.0,11.18,28277,32726081.0,7.35,3.41,0.38,1.93
2020-03-19,000668,11.5,11.53,11.71,11.02,16941,19225876.0,5.98,0.0,0.0,1.15
2020-03-20,000668,11.55,11.46,11.67,11.35,10958,12540993.0,2.78,-0.61,-0.07,0.75
2020-03-23,000668,11.18,11.0,11.32,10.88,11571,12771322.0,3.84,-4.01,-0.46,0.79
2020-03-24,000668,11.08,11.1,11.28,10.83,23628,25934590.0,4.09,0.91,0.1,1.61
2020-03-25,000668,11.23,11.33,11.45,11.16,15284,17265946.0,2.61,2.07,0.23,1.04
2020-03-26,000668,11.33,11.17,11.4,11.13,9109,10250658.0,2.38,-1.41,-0.16,0.62
2020-03-27,000668,11.37,11.15,11.37,11.1,10648,11960069.0,2.42,-0.18,-0.02,0.73
2020-03-30,000668,11.06,10.79,11.15,10.68,10935,11813716.0,4.22,-3.23,-0.36,0.75
2020-03-31,000668,10.88,10.79,10.94,10.67,8404,9056227.0,2.5,0.0,0.0,0.57
2020-04-01,000668,10.7,10.86,10.93,10.64,14888,16166442.0,2.69,0.65,0.07,1.01
2020-04-02,000668,10.85,11.03,11.06,10.76,6663,7261406.0,2.76,1.57,0.17,0.45
2020-04-03,000668,11.03,11.31,11.31,10.9,10152,11340380.0,3.72,2.54,0.28,0.69
2020-04-07,000668,11.36,11.87,12.03,11.36,39983,47211027.0,5.92,4.95,0.56,2.73
2020-04-08,000668,11.84,12.3,12.34,11.77,25332,30834434.0,4.8,3.62,0.43,1.73
2020-04-09,000668,12.36,12.74,12.85,12.21,28621,36012309.0,5.2,3.58,0.44,1.95
2020-04-10,000668,12.66,12.33,12.84,12.0,29295,36551275.0,6.59,-3.22,-0.41,2.0
2020-04-13,000668,12.34,11.99,12.63,11.97,15484,18793427.0,5.35,-2.76,-0.34,1.06
2020-04-14,000668,11.99,12.08,12.24,11.93,15749,19004711.0,2.59,0.75,0.09,1.07
2020-04-15,000668,11.96,11.94,12.16,11.92,11004,13256041.0,1.99,-1.16,-0.14,0.75
2020-04-16,000668,11.93,11.95,12.07,11.8,10766,12834628.0,2.26,0.08,0.01,0.73
2020-04-17,000668,12.07,11.8,12.22,11.75,11052,13190508.0,3.93,-1.26,-0.15,0.75
2020-04-20,000668,11.8,11.74,11.87,11.63,8440,9873544.0,2.03,-0.51,-0.06,0.58
2020-04-21,000668,11.72,11.74,11.79,11.56,9193,10721326.0,1.96,0.0,0.0,0.63
2020-04-22,000668,11.82,12.11,12.29,11.53,18119,21628091.0,6.47,3.15,0.37,1.24
2020-04-23,000668,12.0,11.89,12.3,11.86,19266,23153535.0,3.63,-1.82,-0.22,1.31
2020-04-24,000668,11.86,11.79,12.12,11.6,8678,10243846.0,4.37,-0.84,-0.1,0.59
2020-04-27,000668,11.7,11.9,11.98,11.61,11917,14095286.0,3.14,0.93,0.11,0.81
2020-04-28,000668,11.91,11.69,12.17,11.31,21599,25397607.0,7.23,-1.76,-0.21,1.47
2020-04-29,000668,11.65,11.38,11.65,11.23,10882,12435553.0,3.59,-2.65,-0.31,0.74
2020-04-30,000668,12.0,11.6,12.25,11.28,19401,22581009.0,8.52,1.93,0.22,1.32
2020-05-06,000668,11.4,11.73,11.8,11.38,12601,14551273.0,3.62,1.12,0.13,0.86
2020-05-07,000668,11.74,12.06,12.1,11.65,25507,30425491.0,3.84,2.81,0.33,1.74
2020-05-08,000668,11.91,12.51,12.6,11.84,24631,30479722.0,6.3,3.73,0.45,1.68
2020-05-11,000668,12.58,12.66,12.94,12.36,25528,32312958.0,4.64,1.2,0.15,1.74
2020-05-12,000668,12.68,12.66,12.99,12.53,17022,21643839.0,3.63,0.0,0.0,1.16
2020-05-13,000668,12.56,12.62,12.78,12.5,14523,18295907.0,2.21,-0.32,-0.04,0.99
2020-05-14,000668,12.65,12.4,12.65,12.4,6713,8365347.0,1.98,-1.74,-0.22,0.46
2020-05-15,000668,12.32,12.16,12.5,12.16,9229,11314723.0,2.74,-1.94,-0.24,0.63
2020-05-18,000668,12.15,12.18,12.24,11.95,8097,9826721.0,2.38,0.16,0.02,0.55
2020-05-19,000668,12.1,12.42,12.88,12.1,11650,14368751.0,6.4,1.97,0.24,0.79
2020-05-20,000668,12.38,13.25,13.39,12.35,42466,54538518.0,8.37,6.68,0.83,2.89
2020-05-21,000668,13.27,13.61,13.84,13.27,39039,53156214.0,4.3,2.72,0.36,2.66
2020-05-22,000668,13.62,13.8,14.04,13.51,36652,50560151.0,3.89,1.4,0.19,2.5
2020-06-08,000668,15.18,15.18,15.18,15.18,1335,2026378.0,0.0,10.0,1.38,0.09
2020-06-09,000668,16.7,16.7,16.7,16.7,760,1269200.0,0.0,10.01,1.52,0.05
2020-06-10,000668,18.37,18.37,18.37,18.37,2265,4160860.0,0.0,10.0,1.67,0.15
2020-06-11,000668,20.21,20.21,20.21,20.21,1639,3312419.0,0.0,10.02,1.84,0.11
2020-06-12,000668,22.23,22.23,22.23,22.23,179293,398568848.0,0.0,10.0,2.02,12.22
2020-06-15,000668,23.23,21.1,24.45,21.1,472282,1108446960.0,15.07,-5.08,-1.13,32.2
2020-06-16,000668,21.5,20.85,21.8,19.5,338295,694486816.0,10.9,-1.18,-0.25,23.06
2020-06-17,000668,20.8,20.2,21.43,20.06,191564,395680960.0,6.57,-3.12,-0.65,13.06
2020-06-18,000668,19.78,18.8,20.11,18.63,185682,357332864.0,7.33,-6.93,-1.4,12.66
2020-06-19,000668,18.85,18.53,18.92,18.41,105511,196720767.0,2.71,-1.44,-0.27,7.19
2020-06-22,000668,18.5,18.62,18.84,18.41,73834,137367794.0,2.32,0.49,0.09,5.03
2020-06-23,000668,18.63,18.05,18.8,17.9,101028,183942231.0,4.83,-3.06,-0.57,6.89
2020-06-24,000668,18.0,18.44,18.65,17.65,87194,158575845.0,5.54,2.16,0.39,5.94
2020-06-29,000668,18.43,18.95,18.97,18.02,74211,137719476.0,5.15,2.77,0.51,5.06
2020-06-30,000668,18.88,19.0,19.19,18.73,48066,90941261.0,2.43,0.26,0.05,3.28
2020-07-01,000668,19.0,19.47,19.98,18.8,74010,143322516.0,6.21,2.47,0.47,5.05
2020-07-02,000668,19.39,19.95,19.96,19.22,64370,126193050.0,3.8,2.47,0.48,4.39
2020-07-03,000668,19.61,19.78,20.26,19.6,49261,97677674.0,3.31,-0.85,-0.17,3.36
2020-07-06,000668,19.67,19.78,20.15,19.0,70387,138232411.0,5.81,0.0,0.0,4.8
2020-07-07,000668,19.91,19.51,19.91,19.22,65442,127740010.0,3.49,-1.37,-0.27,4.46
2020-07-08,000668,19.64,20.56,20.81,19.39,68992,138829054.0,7.28,5.38,1.05,4.7
2020-07-09,000668,20.44,21.46,21.58,20.26,67728,142550402.0,6.42,4.38,0.9,4.62
2020-07-10,000668,21.46,22.14,22.68,21.28,61533,135689099.0,6.52,3.17,0.68,4.19
2020-07-13,000668,21.79,21.98,22.16,21.01,49978,108886139.0,5.19,-0.72,-0.16,3.41
2020-07-14,000668,22.25,21.7,22.25,21.03,57660,123864075.0,5.55,-1.27,-0.28,3.93
2020-07-15,000668,21.79,21.14,21.88,20.78,52672,112088340.0,5.07,-2.58,-0.56,3.59
2020-07-16,000668,21.22,20.02,22.26,19.72,61368,130174799.0,12.02,-5.3,-1.12,4.18
2020-07-17,000668,20.69,19.84,20.69,19.51,44741,89261783.0,5.89,-0.9,-0.18,3.05
2020-07-20,000668,20.2,21.0,21.77,20.2,48031,100469412.0,7.91,5.85,1.16,3.27
2020-07-21,000668,21.33,20.74,21.36,20.67,36340,75736942.0,3.29,-1.24,-0.26,2.48
2020-07-22,000668,20.75,20.86,20.99,20.52,25007,52027225.0,2.27,0.58,0.12,1.7
2020-07-23,000668,20.85,20.5,20.9,19.83,42145,86015447.0,5.13,-1.73,-0.36,2.87
2020-07-24,000668,20.5,19.6,20.68,19.45,30258,60328300.0,6.0,-4.39,-0.9,2.06
2020-07-27,000668,19.84,19.6,19.94,19.33,12777,24999596.0,3.11,0.0,0.0,0.87
2020-07-28,000668,20.3,19.38,20.3,19.23,20344,39633086.0,5.46,-1.12,-0.22,1.39
2020-07-29,000668,19.31,19.99,20.06,19.1,29379,57828490.0,4.95,3.15,0.61,2.0
2020-07-30,000668,20.01,20.2,20.37,19.82,16129,32463252.0,2.75,1.05,0.21,1.1
2020-07-31,000668,20.3,21.88,21.89,20.21,54968,117136669.0,8.32,8.32,1.68,3.75
2020-08-03,000668,21.78,21.7,21.88,21.11,49406,106022045.0,3.52,-0.82,-0.18,3.37
2020-08-04,000668,21.6,21.5,21.85,20.91,36617,78252433.0,4.33,-0.92,-0.2,2.5
2020-08-05,000668,21.86,21.9,22.53,21.2,40487,87895338.0,6.19,1.86,0.4,2.76
2020-08-06,000668,22.19,22.53,22.56,21.37,41757,92206836.0,5.43,2.88,0.63,2.85
2020-08-07,000668,22.5,22.39,22.9,21.81,37661,84367154.0,4.84,-0.62,-0.14,2.57
2020-08-10,000668,22.75,21.65,22.75,21.51,29964,65242467.0,5.54,-3.31,-0.74,2.04
2020-08-11,000668,21.8,21.4,21.85,21.29,27217,58319446.0,2.59,-1.15,-0.25,1.86
2020-08-12,000668,21.4,21.47,21.57,20.33,37850,79484788.0,5.79,0.33,0.07,2.58
2020-08-13,000668,21.68,21.95,22.07,21.18,24053,52103889.0,4.15,2.24,0.48,1.64
2020-08-14,000668,21.95,21.53,22.15,21.5,19063,41519334.0,2.96,-1.91,-0.42,1.3
2020-08-17,000668,21.47,22.2,22.2,21.32,27489,60224898.0,4.09,3.11,0.67,1.87
2020-08-18,000668,22.22,21.86,23.8,21.68,36322,80453313.0,9.55,-1.53,-0.34,2.48
2020-08-19,000668,22.1,21.26,22.1,21.12,16841,36169956.0,4.48,-2.74,-0.6,1.15
2020-08-20,000668,21.24,20.76,21.25,20.71,16130,33694146.0,2.54,-2.35,-0.5,1.1
2020-08-21,000668,20.87,20.86,21.53,20.45,14853,30857277.0,5.2,0.48,0.1,1.01
2020-08-24,000668,20.86,21.4,21.5,20.56,21757,45744176.0,4.51,2.59,0.54,1.48
2020-08-25,000668,21.5,21.36,21.77,21.27,12724,27400109.0,2.34,-0.19,-0.04,0.87
2020-08-26,000668,21.35,21.18,21.48,20.83,13979,29547471.0,3.04,-0.84,-0.18,0.95
2020-08-27,000668,21.1,21.48,21.5,20.96,15281,32582725.0,2.55,1.42,0.3,1.04
2020-08-28,000668,21.52,22.04,22.59,21.35,31893,70539933.0,5.77,2.61,0.56,2.17
2020-08-31,000668,22.02,21.94,22.32,21.72,24016,52538304.0,2.72,-0.45,-0.1,1.64
2020-09-01,000668,21.78,21.96,22.14,21.65,13033,28413000.0,2.23,0.09,0.02,0.89
2020-09-02,000668,21.95,22.2,22.8,21.83,25301,56300273.0,4.42,1.09,0.24,1.72
2020-09-03,000668,22.13,22.02,22.37,21.82,17683,39059984.0,2.48,-0.81,-0.18,1.21
2020-09-04,000668,21.6,21.39,21.87,21.27,29100,62615778.0,2.72,-2.86,-0.63,1.98
2020-09-07,000668,21.66,20.96,21.66,20.71,26675,56265838.0,4.44,-2.01,-0.43,1.82
2020-09-08,000668,21.19,20.79,21.19,20.6,14611,30334780.0,2.81,-0.81,-0.17,1.0
2020-09-09,000668,20.8,20.11,20.8,20.0,23968,48677234.0,3.85,-3.27,-0.68,1.63
2020-09-10,000668,20.3,19.27,20.38,19.21,23130,45376725.0,5.82,-4.18,-0.84,1.58
2020-09-11,000668,19.6,19.98,20.34,19.02,42393,84185844.0,6.85,3.68,0.71,2.89
2020-09-14,000668,20.44,19.58,20.44,19.48,14184,27996656.0,4.8,-2.0,-0.4,0.97
2020-09-15,000668,19.75,19.74,20.11,19.29,17031,33523105.0,4.19,0.82,0.16,1.16
2020-09-16,000668,19.7,19.28,20.1,19.16,12055,23379337.0,4.76,-2.33,-0.46,0.82
2020-09-17,000668,19.25,19.22,19.34,19.01,7001,13414624.0,1.71,-0.31,-0.06,0.48
2020-09-18,000668,19.11,19.35,19.48,19.0,12217,23584803.0,2.5,0.68,0.13,0.83
2020-09-21,000668,19.45,19.0,19.45,18.86,12534,23854758.0,3.05,-1.81,-0.35,0.85
2020-09-22,000668,19.04,18.87,19.04,18.64,11161,20963892.0,2.11,-0.68,-0.13,0.76
2020-09-23,000668,18.85,18.87,19.1,18.7,9284,17519998.0,2.12,0.0,0.0,0.63
2020-09-24,000668,18.87,18.4,18.88,18.2,13091,24200230.0,3.6,-2.49,-0.47,0.89
2020-09-25,000668,18.72,18.4,18.72,18.13,10593,19415375.0,3.21,0.0,0.0,0.72
2020-09-28,000668,18.39,18.42,18.8,17.51,12869,23766006.0,7.01,0.11,0.02,0.88
2020-09-29,000668,18.6,18.5,18.75,18.4,8204,15209784.0,1.9,0.43,0.08,0.56
2020-09-30,000668,18.74,17.81,19.15,17.58,26464,48411676.0,8.49,-3.73,-0.69,1.8
2020-10-09,000668,18.2,18.72,19.08,17.71,21730,40271209.0,7.69,5.11,0.91,1.48
2020-10-12,000668,18.91,18.09,19.1,17.93,34747,63633378.0,6.25,-3.37,-0.63,2.37
2020-10-13,000668,18.06,17.93,18.18,17.78,14353,25716416.0,2.21,-0.88,-0.16,0.98
2020-10-14,000668,17.88,17.7,17.97,17.53,18893,33450915.0,2.45,-1.28,-0.23,1.29
2020-10-15,000668,17.72,16.78,17.77,16.18,57055,98079350.0,8.98,-5.2,-0.92,3.89
2020-10-16,000668,16.82,16.98,17.86,16.55,47298,81244182.0,7.81,1.19,0.2,3.22
2020-10-19,000668,17.23,16.38,17.24,16.38,20918,34884592.0,5.06,-3.53,-0.6,1.43
2020-10-20,000668,16.38,16.42,16.56,15.52,23417,38248137.0,6.35,0.24,0.04,1.6
2020-10-21,000668,16.53,15.96,16.53,15.79,25200,40317429.0,4.51,-2.8,-0.46,1.72
2020-10-22,000668,16.0,15.87,16.07,15.47,14606,22977196.0,3.76,-0.56,-0.09,1.0
2020-10-23,000668,16.06,15.95,16.67,15.7,25426,41324778.0,6.11,0.5,0.08,1.73
2020-10-26,000668,16.01,16.01,16.47,15.74,19969,32148798.0,4.58,0.38,0.06,1.36
2020-10-27,000668,16.08,15.82,16.15,15.7,12159,19274918.0,2.81,-1.19,-0.19,0.83
2020-10-28,000668,16.09,15.98,16.33,15.7,20209,32368527.0,3.98,1.01,0.16,1.38
2020-10-29,000668,15.78,16.33,16.45,15.72,20460,33102607.0,4.57,2.19,0.35,1.39
2020-10-30,000668,16.33,15.67,16.45,15.49,20128,32161291.0,5.88,-4.04,-0.66,1.37
2020-11-02,000668,15.65,15.69,15.74,15.31,16826,26174866.0,2.74,0.13,0.02,1.15
2020-11-03,000668,15.62,16.18,16.39,15.55,23441,37754633.0,5.35,3.12,0.49,1.6
2020-11-04,000668,16.23,16.31,16.44,16.0,17973,29195906.0,2.72,0.8,0.13,1.23
2020-11-05,000668,16.29,16.43,16.5,16.2,17710,28979534.0,1.84,0.74,0.12,1.21
2020-11-06,000668,16.67,16.55,16.67,16.22,18343,30204447.0,2.74,0.73,0.12,1.25
2020-11-09,000668,16.66,17.12,17.16,16.55,39148,66419595.0,3.69,3.44,0.57,2.67
2020-11-10,000668,17.56,16.04,17.56,15.9,38446,63147627.0,9.7,-6.31,-1.08,2.62
2020-11-11,000668,15.83,15.95,16.28,15.82,13681,21894593.0,2.87,-0.56,-0.09,0.93
2020-11-12,000668,15.85,15.73,15.99,15.66,9389,14843023.0,2.07,-1.38,-0.22,0.64
2020-11-13,000668,15.79,15.84,15.99,15.33,11958,18795733.0,4.2,0.7,0.11,0.82
2020-11-16,000668,15.93,16.22,16.28,15.41,14754,23755648.0,5.49,2.4,0.38,1.01
2020-11-17,000668,16.18,16.25,16.59,16.0,23392,37960775.0,3.64,0.18,0.03,1.59
2020-11-18,000668,16.43,16.25,16.79,16.11,17838,29294670.0,4.18,0.0,0.0,1.22
2020-11-19,000668,16.16,16.21,16.37,16.0,12454,20112232.0,2.28,-0.25,-0.04,0.85
2020-11-20,000668,16.15,16.3,16.46,16.04,8061,13089208.0,2.59,0.56,0.09,0.55
2020-11-23,000668,16.22,15.95,16.47,15.85,13412,21470318.0,3.8,-2.15,-0.35,0.91
2020-11-24,000668,16.05,15.73,16.05,15.65,10337,16298213.0,2.51,-1.38,-0.22,0.7
2020-11-25,000668,15.85,15.65,15.88,15.55,10711,16818083.0,2.1,-0.51,-0.08,0.73
2020-11-26,000668,15.76,15.8,15.86,15.41,9482,14756991.0,2.88,0.96,0.15,0.65
2020-11-27,000668,15.7,16.0,16.0,15.2,18806,29295732.0,5.06,1.27,0.2,1.28
2020-11-30,000668,15.86,16.0,16.18,15.84,9079,14552725.0,2.13,0.0,0.0,0.62
2020-12-01,000668,16.0,15.95,16.0,15.66,5796,9175735.0,2.13,-0.31,-0.05,0.4
2020-12-02,000668,15.97,16.29,16.32,15.5,20335,32745337.0,5.14,2.13,0.34,1.39
2020-12-03,000668,16.11,16.14,16.32,16.09,8797,14244677.0,1.41,-0.92,-0.15,0.6
2020-12-04,000668,16.14,16.21,16.38,16.11,6951,11272617.0,1.67,0.43,0.07,0.47
2020-12-07,000668,16.21,16.6,16.9,16.11,16063,26481321.0,4.87,2.41,0.39,1.1
2020-12-08,000668,16.48,16.55,16.78,16.41,8016,13266447.0,2.23,-0.3,-0.05,0.55
2020-12-09,000668,16.5,16.35,16.74,16.23,7850,12962025.0,3.08,-1.21,-0.2,0.54
2020-12-10,000668,16.3,16.39,16.59,16.27,7635,12521681.0,1.96,0.24,0.04,0.52
2020-12-11,000668,16.39,15.7,16.66,15.52,12269,19496431.0,6.96,-4.21,-0.69,0.84
2020-12-14,000668,15.68,16.46,16.48,15.4,18332,29514064.0,6.88,4.84,0.76,1.25
2020-12-15,000668,16.38,16.35,16.58,16.07,9313,15201630.0,3.1,-0.67,-0.11,0.63
2020-12-16,000668,16.28,16.21,16.99,15.8,22618,36833175.0,7.28,-0.86,-0.14,1.54
2020-12-17,000668,16.05,15.83,16.24,15.3,21529,33886987.0,5.8,-2.34,-0.38,1.47
2020-12-18,000668,15.78,15.8,15.87,15.51,5845,9186250.0,2.27,-0.19,-0.03,0.4
2020-12-21,000668,15.66,15.27,15.74,15.24,17564,27066191.0,3.16,-3.35,-0.53,1.2
2020-12-22,000668,15.46,13.74,15.46,13.74,60615,84462788.0,11.26,-10.02,-1.53,4.13
2020-12-23,000668,13.6,12.37,13.6,12.37,68739,85266808.0,8.95,-9.97,-1.37,4.69
2020-12-24,000668,12.41,12.41,12.6,12.03,46399,57435283.0,4.61,0.32,0.04,3.16
2020-12-25,000668,12.36,12.91,13.58,12.14,33570,43546006.0,11.6,4.03,0.5,2.29
2020-12-28,000668,13.07,12.19,13.08,12.14,25914,32183653.0,7.28,-5.58,-0.72,1.77
2020-12-29,000668,12.19,12.48,12.58,12.12,12768,15834481.0,3.77,2.38,0.29,0.87
2020-12-30,000668,12.65,13.16,13.48,12.36,20205,26476743.0,8.97,5.45,0.68,1.38
2020-12-31,000668,13.38,13.51,13.66,13.17,18886,25409579.0,3.72,2.66,0.35,1.29
2021-01-04,000668,13.39,13.54,13.74,13.35,14721,19933403.0,2.89,0.22,0.03,1.0
2021-01-05,000668,13.55,13.57,13.73,13.34,13729,18603156.0,2.88,0.22,0.03,0.94
2021-01-06,000668,13.5,13.43,13.84,13.35,11903,16034216.0,3.61,-1.03,-0.14,0.81
2021-01-07,000668,13.56,13.54,13.69,12.65,35899,47578062.0,7.74,0.82,0.11,2.45
2021-01-08,000668,14.89,14.89,14.89,14.89,15215,22655224.0,0.0,9.97,1.35,1.04
2021-01-11,000668,16.38,16.38,16.38,16.38,8876,14538888.0,0.0,10.01,1.49,0.61
2021-01-12,000668,16.29,16.35,18.02,15.08,98883,162117233.0,17.95,-0.18,-0.03,6.74
2021-01-13,000668,15.3,14.72,15.67,14.72,32838,48996541.0,5.81,-9.97,-1.63,2.24
2021-01-14,000668,13.5,13.4,14.18,13.25,55188,74653524.0,6.32,-8.97,-1.32,3.76
2021-01-15,000668,13.05,13.28,13.68,12.85,29447,38906450.0,6.19,-0.9,-0.12,2.01
2021-01-18,000668,13.23,13.25,13.6,13.21,14186,18896161.0,2.94,-0.23,-0.03,0.97
2021-01-19,000668,13.25,13.21,13.45,13.1,12132,16086520.0,2.64,-0.3,-0.04,0.83
2021-01-20,000668,13.31,13.14,13.31,13.0,10088,13195622.0,2.35,-0.53,-0.07,0.69
2021-01-21,000668,13.1,13.71,14.05,13.01,20133,27303154.0,7.91,4.34,0.57,1.37
2021-01-22,000668,13.63,14.15,14.21,13.5,16084,22279853.0,5.18,3.21,0.44,1.1
2021-01-25,000668,14.23,13.9,14.35,13.75,10218,14315477.0,4.24,-1.77,-0.25,0.7
2021-01-26,000668,13.82,13.61,14.05,13.51,7982,10941315.0,3.88,-2.09,-0.29,0.54
2021-01-27,000668,13.55,14.49,14.96,13.53,18623,26641012.0,10.51,6.47,0.88,1.27
2021-01-28,000668,14.41,14.33,14.73,14.18,9239,13379116.0,3.8,-1.1,-0.16,0.63
2021-01-29,000668,14.33,14.12,14.5,13.8,9748,13657238.0,4.88,-1.47,-0.21,0.66
2021-02-01,000668,14.15,13.51,14.15,13.44,9624,13141922.0,5.03,-4.32,-0.61,0.66
2021-02-02,000668,13.62,13.36,13.9,13.08,14891,19834434.0,6.07,-1.11,-0.15,1.02
2021-02-03,000668,13.27,12.95,13.41,12.72,11261,14697091.0,5.16,-3.07,-0.41,0.77
2021-02-04,000668,12.94,12.49,13.01,12.2,9003,11397254.0,6.25,-3.55,-0.46,0.61
2021-02-05,000668,12.5,12.48,12.68,12.37,6696,8383762.0,2.48,-0.08,-0.01,0.46
2021-02-08,000668,12.5,12.5,12.51,12.29,4855,6013582.0,1.76,0.16,0.02,0.33
2021-02-09,000668,12.56,12.9,13.06,12.4,7400,9497077.0,5.28,3.2,0.4,0.5
2021-02-10,000668,12.65,12.69,12.97,12.42,10759,13589353.0,4.26,-1.63,-0.21,0.73
2021-02-18,000668,12.69,12.73,13.09,12.62,9339,11995385.0,3.7,0.32,0.04,0.64
2021-02-19,000668,12.73,13.14,13.21,12.68,8792,11434777.0,4.16,3.22,0.41,0.6
2021-02-22,000668,13.14,13.6,14.05,13.1,12297,16775552.0,7.23,3.5,0.46,0.84
2021-02-23,000668,13.6,13.32,13.72,13.26,7038,9430651.0,3.38,-2.06,-0.28,0.48
2021-02-24,000668,13.43,13.21,13.52,13.1,4815,6413388.0,3.15,-0.83,-0.11,0.33
2021-02-25,000668,13.11,13.29,13.6,13.07,7701,10335787.0,4.01,0.61,0.08,0.52
2021-02-26,000668,13.29,13.2,13.38,13.11,7147,9459961.0,2.03,-0.68,-0.09,0.49
2021-03-01,000668,13.26,13.34,13.41,13.19,4810,6410708.0,1.67,1.06,0.14,0.33
2021-03-02,000668,13.35,13.37,13.44,13.21,3965,5287118.0,1.72,0.22,0.03,0.27
2021-03-03,000668,13.31,13.68,13.78,13.3,21658,29362065.0,3.59,2.32,0.31,1.48
2021-03-04,000668,13.64,13.69,13.84,13.54,6570,8995693.0,2.19,0.07,0.01,0.45
2021-03-05,000668,13.75,13.64,13.75,13.42,4092,5563844.0,2.41,-0.37,-0.05,0.28
2021-03-08,000668,13.76,13.5,13.81,13.43,5739,7791888.0,2.79,-1.03,-0.14,0.39
2021-03-09,000668,13.35,13.54,13.64,13.2,6355,8526500.0,3.26,0.3,0.04,0.43
2021-03-10,000668,13.39,12.99,13.54,12.87,5343,7069367.0,4.95,-4.06,-0.55,0.36
2021-03-11,000668,12.93,13.2,13.23,12.91,2963,3879136.0,2.46,1.62,0.21,0.2
2021-03-12,000668,13.17,13.33,13.34,13.06,3325,4401275.0,2.12,0.98,0.13,0.23
2021-03-15,000668,13.37,13.26,13.46,13.14,3984,5310895.0,2.4,-0.53,-0.07,0.27
2021-03-16,000668,13.15,13.48,13.54,13.15,4018,5388842.0,2.94,1.66,0.22,0.27
2021-03-17,000668,13.5,13.9,14.09,13.49,9731,13451296.0,4.45,3.12,0.42,0.66
2021-03-18,000668,13.8,13.95,14.26,13.79,9809,13763855.0,3.38,0.36,0.05,0.67
2021-03-19,000668,13.9,13.81,14.15,13.7,11393,15844464.0,3.23,-1.0,-0.14,0.78
2021-03-22,000668,13.79,13.58,13.98,13.42,9726,13271915.0,4.06,-1.67,-0.23,0.66
2021-03-23,000668,13.51,13.42,13.57,13.3,8371,11219139.0,1.99,-1.18,-0.16,0.57
2021-03-24,000668,13.4,13.23,13.47,13.1,7482,9964504.0,2.76,-1.42,-0.19,0.51
2021-03-25,000668,13.14,13.39,13.4,13.14,5397,7178815.0,1.97,1.21,0.16,0.37
2021-03-26,000668,13.39,13.32,13.46,13.29,6179,8254480.0,1.27,-0.52,-0.07,0.42
2021-03-29,000668,13.32,13.25,13.45,13.01,6907,9103652.0,3.3,-0.53,-0.07,0.47
2021-03-30,000668,13.29,13.16,13.29,13.06,3997,5246461.0,1.74,-0.68,-0.09,0.27
2021-03-31,000668,13.17,13.04,13.28,12.95,8864,11572868.0,2.51,-0.91,-0.12,0.6
2021-04-01,000668,12.98,13.05,13.13,12.88,4510,5859916.0,1.92,0.08,0.01,0.31
2021-04-02,000668,13.06,13.3,13.35,12.88,7037,9194063.0,3.6,1.92,0.25,0.48
2021-04-06,000668,13.32,13.55,13.63,13.23,5401,7276019.0,3.01,1.88,0.25,0.37
2021-04-07,000668,13.51,13.98,14.06,13.41,12705,17598387.0,4.8,3.17,0.43,0.87
2021-04-08,000668,13.98,14.0,14.35,13.82,15779,22278046.0,3.79,0.14,0.02,1.08
2021-04-09,000668,13.96,13.47,13.96,13.44,22477,30722045.0,3.71,-3.79,-0.53,1.53
2021-04-12,000668,13.42,13.71,13.73,13.16,12706,17085363.0,4.23,1.78,0.24,0.87
2021-04-13,000668,13.64,13.57,13.73,13.46,6325,8602311.0,1.97,-1.02,-0.14,0.43
2021-04-14,000668,13.56,13.53,13.67,13.45,5702,7714631.0,1.62,-0.29,-0.04,0.39
2021-04-15,000668,13.6,13.6,13.63,13.39,2930,3964525.0,1.77,0.52,0.07,0.2
2021-04-16,000668,13.5,13.63,13.68,13.44,6747,9176422.0,1.76,0.22,0.03,0.46
2021-04-19,000668,13.63,13.73,13.79,13.49,6256,8585002.0,2.2,0.73,0.1,0.43
2021-04-20,000668,13.82,13.65,13.82,13.61,3492,4777428.0,1.53,-0.58,-0.08,0.24
2021-04-21,000668,13.49,13.67,13.77,13.49,3390,4639489.0,2.05,0.15,0.02,0.23
2021-04-22,000668,13.6,13.73,13.77,13.6,5656,7733327.0,1.24,0.44,0.06,0.39
2021-04-23,000668,13.73,14.48,14.65,13.64,24185,34543615.0,7.36,5.46,0.75,1.65
2021-04-26,000668,14.57,14.45,15.18,14.43,24009,35500561.0,5.18,-0.21,-0.03,1.64
2021-04-27,000668,14.29,14.76,14.89,14.21,13349,19456411.0,4.71,2.15,0.31,0.91
2021-04-28,000668,14.76,14.77,14.9,14.49,8504,12516640.0,2.78,0.07,0.01,0.58
2021-04-29,000668,14.86,14.94,15.5,14.8,14220,21494764.0,4.74,1.15,0.17,0.97
2021-04-30,000668,15.06,14.86,15.08,14.52,8100,11929797.0,3.75,-0.54,-0.08,0.55
2021-05-06,000668,14.8,15.39,15.47,14.79,11467,17459707.0,4.58,3.57,0.53,0.78
2021-05-07,000668,15.4,15.84,16.09,15.2,12320,19372678.0,5.78,2.92,0.45,0.84
2021-05-10,000668,15.85,16.7,16.86,15.66,24303,40106933.0,7.58,5.43,0.86,1.66
2021-05-11,000668,16.88,17.01,17.05,16.53,25524,42841605.0,3.11,1.86,0.31,1.74
2021-05-12,000668,16.8,16.83,17.3,16.51,15612,26420703.0,4.64,-1.06,-0.18,1.06
2021-05-13,000668,16.92,17.66,17.93,16.91,20382,35750711.0,6.06,4.93,0.83,1.39
2021-05-14,000668,17.66,17.04,17.68,16.97,21803,37507323.0,4.02,-3.51,-0.62,1.49
2021-05-17,000668,16.99,16.78,17.18,16.71,18989,32164164.0,2.76,-1.53,-0.26,1.29
2021-05-18,000668,16.87,17.0,17.15,16.53,20185,34064389.0,3.69,1.31,0.22,1.38
2021-05-19,000668,17.18,17.45,17.92,17.18,27678,48903372.0,4.35,2.65,0.45,1.89
2021-05-20,000668,17.4,17.15,17.67,16.85,17810,30621240.0,4.7,-1.72,-0.3,1.21
2021-05-21,000668,17.15,17.88,17.95,16.98,22633,40095313.0,5.66,4.26,0.73,1.54
2021-05-24,000668,17.88,17.87,18.24,17.72,13305,23907259.0,2.91,-0.06,-0.01,0.91
2021-05-25,000668,17.74,17.74,18.0,17.58,8852,15720789.0,2.35,-0.73,-0.13,0.6
2021-05-26,000668,17.7,18.76,18.86,17.7,19716,36449532.0,6.54,5.75,1.02,1.34
2021-05-27,000668,18.76,18.71,19.37,18.66,15362,29090734.0,3.78,-0.27,-0.05,1.05
2021-05-28,000668,18.69,18.93,19.01,18.46,15128,28332125.0,2.94,1.18,0.22,1.03
2021-05-31,000668,18.93,19.79,19.86,18.93,21698,42410517.0,4.91,4.54,0.86,1.48
2021-06-01,000668,19.45,19.79,19.97,19.2,17804,34870147.0,3.89,0.0,0.0,1.21
2021-06-02,000668,19.62,20.06,20.62,19.62,21854,44196065.0,5.05,1.36,0.27,1.49
2021-06-03,000668,20.09,19.93,20.19,19.8,13866,27754990.0,1.94,-0.65,-0.13,0.95
2021-06-04,000668,19.89,19.66,19.99,19.58,24130,47647119.0,2.06,-1.35,-0.27,1.64
2021-06-07,000668,19.66,18.5,20.58,17.69,76509,142157911.0,14.7,-5.9,-1.16,5.22
2021-06-08,000668,18.7,17.39,18.7,17.35,62025,111503588.0,7.3,-6.0,-1.11,4.23
2021-06-09,000668,17.4,17.59,17.97,16.94,53294,92978826.0,5.92,1.15,0.2,3.63
2021-06-10,000668,17.54,17.14,17.55,17.0,22941,39390465.0,3.13,-2.56,-0.45,1.56
2021-06-11,000668,17.1,17.17,17.28,17.0,15111,25853440.0,1.63,0.18,0.03,1.03
2021-06-15,000668,17.17,17.22,17.97,17.09,24402,42774525.0,5.13,0.29,0.05,1.66
2021-06-16,000668,17.18,17.51,17.68,17.0,20844,36313761.0,3.95,1.68,0.29,1.42
2021-06-17,000668,17.51,15.76,17.95,15.76,68142,110903352.0,12.51,-9.99,-1.75,4.65
2021-06-18,000668,15.58,15.97,16.2,15.21,34644,54913941.0,6.28,1.33,0.21,2.36
2021-06-21,000668,15.77,17.57,17.57,15.77,29597,49689202.0,11.27,10.02,1.6,2.02
2021-06-22,000668,17.96,17.57,18.55,17.48,34839,62729162.0,6.09,0.0,0.0,2.38
2021-06-23,000668,17.84,17.68,17.94,17.43,15985,28349263.0,2.9,0.63,0.11,1.09
2021-06-24,000668,17.8,17.71,17.96,17.25,16455,28872553.0,4.02,0.17,0.03,1.12
2021-06-25,000668,17.66,17.97,17.97,17.41,16108,28492475.0,3.16,1.47,0.26,1.1
2021-06-28,000668,18.0,17.65,18.35,17.61,15354,27319160.0,4.12,-1.78,-0.32,1.05
2021-06-29,000668,17.79,17.6,17.79,17.38,13692,23990831.0,2.32,-0.28,-0.05,0.93
2021-06-30,000668,17.79,17.94,18.35,17.58,28288,51028805.0,4.38,1.93,0.34,1.93
2021-07-01,000668,17.9,18.08,18.35,17.61,20479,36864873.0,4.12,0.78,0.14,1.4
2021-07-02,000668,17.82,17.93,18.35,16.66,40651,71389142.0,9.35,-0.83,-0.15,2.77
2021-07-05,000668,17.65,17.52,17.92,17.4,18421,32370891.0,2.9,-2.29,-0.41,1.26
2021-07-06,000668,17.52,17.18,17.61,17.02,12883,22157834.0,3.37,-1.94,-0.34,0.88
2021-07-07,000668,17.28,17.18,17.64,17.03,11834,20479455.0,3.55,0.0,0.0,0.81
2021-07-08,000668,17.41,16.77,17.41,16.7,11834,19973107.0,4.13,-2.39,-0.41,0.81
2021-07-09,000668,16.95,17.15,17.32,16.7,10849,18519917.0,3.7,2.27,0.38,0.74
2021-07-12,000668,17.05,16.8,17.24,16.8,8732,14829877.0,2.57,-2.04,-0.35,0.6
2021-07-13,000668,16.8,17.45,17.6,16.74,14275,24499101.0,5.12,3.87,0.65,0.97
2021-07-14,000668,17.5,17.35,18.08,17.14,12218,21317610.0,5.39,-0.57,-0.1,0.83
2021-07-15,000668,17.3,17.32,17.35,16.85,10571,18080171.0,2.88,-0.17,-0.03,0.72
2021-07-16,000668,17.23,16.27,17.23,16.17,17582,29177290.0,6.12,-6.06,-1.05,1.2
2021-07-19,000668,16.36,15.66,16.36,15.51,13222,20757856.0,5.22,-3.75,-0.61,0.9
2021-07-20,000668,15.54,15.63,15.85,15.28,11115,17222360.0,3.64,-0.19,-0.03,0.76
2021-07-21,000668,15.74,16.12,16.2,15.29,9380,15008363.0,5.82,3.13,0.49,0.64
2021-07-22,000668,16.06,16.03,16.17,15.78,9243,14745386.0,2.42,-0.56,-0.09,0.63
2021-07-23,000668,16.02,15.69,16.02,15.43,9748,15268198.0,3.68,-2.12,-0.34,0.66
2021-07-26,000668,15.67,16.0,16.08,15.39,10420,16372676.0,4.4,1.98,0.31,0.71
2021-07-27,000668,15.91,15.66,16.11,15.58,6197,9773750.0,3.31,-2.13,-0.34,0.42
2021-07-28,000668,15.53,15.31,15.53,14.5,8667,13164635.0,6.58,-2.23,-0.35,0.59
2021-07-29,000668,15.32,14.96,15.48,14.7,9523,14326449.0,5.09,-2.29,-0.35,0.65
2021-07-30,000668,15.21,15.23,15.77,14.81,11822,17791358.0,6.42,1.8,0.27,0.81
2021-08-02,000668,15.19,16.05,16.23,14.83,17490,27281747.0,9.19,5.38,0.82,1.19
2021-08-03,000668,15.98,16.39,16.55,15.98,15159,24764834.0,3.55,2.12,0.34,1.03
2021-08-04,000668,16.3,16.2,16.54,16.05,11905,19301669.0,2.99,-1.16,-0.19,0.81
2021-08-05,000668,16.15,16.92,16.98,16.06,17142,28586014.0,5.68,4.44,0.72,1.17
2021-08-06,000668,16.92,16.69,17.5,16.22,27590,46813700.0,7.57,-1.36,-0.23,1.88
2021-08-09,000668,16.66,16.7,16.79,16.54,6245,10404396.0,1.5,0.06,0.01,0.43
2021-08-10,000668,16.61,17.0,17.17,16.51,10523,17791841.0,3.95,1.8,0.3,0.72
2021-08-11,000668,16.85,16.68,16.99,16.6,6349,10622141.0,2.29,-1.88,-0.32,0.43
2021-08-12,000668,16.68,16.5,16.9,16.39,6710,11090868.0,3.06,-1.08,-0.18,0.46
2021-08-13,000668,16.6,16.52,16.8,16.32,6117,10102104.0,2.91,0.12,0.02,0.42
2021-08-16,000668,16.43,16.5,16.7,16.26,9371,15435899.0,2.66,-0.12,-0.02,0.64
2021-08-17,000668,16.48,15.85,16.54,15.75,9706,15635085.0,4.79,-3.94,-0.65,0.66
2021-08-18,000668,15.85,16.27,16.3,15.7,7450,12013378.0,3.79,2.65,0.42,0.51
2021-08-19,000668,16.2,16.39,16.6,15.89,8381,13648261.0,4.36,0.74,0.12,0.57
2021-08-20,000668,16.39,15.95,16.4,15.85,8321,13293152.0,3.36,-2.68,-0.44,0.57
2021-08-23,000668,15.9,15.61,16.3,15.53,14583,22980031.0,4.83,-2.13,-0.34,0.99
2021-08-24,000668,15.59,15.36,15.64,15.15,12641,19430818.0,3.14,-1.6,-0.25,0.86
2021-08-25,000668,15.36,16.07,16.19,15.35,17438,27751173.0,5.47,4.62,0.71,1.19
2021-08-26,000668,16.16,16.73,16.94,15.9,26339,43613048.0,6.47,4.11,0.66,1.8
2021-08-27,000668,16.62,15.32,17.08,15.19,33082,53140395.0,11.3,-8.43,-1.41,2.26
2021-08-30,000668,15.35,14.85,15.5,14.76,21470,32308379.0,4.83,-3.07,-0.47,1.46
2021-08-31,000668,14.98,14.68,14.98,14.32,9762,14247131.0,4.44,-1.14,-0.17,0.67
2021-09-01,000668,14.68,14.61,14.73,14.36,7364,10713597.0,2.52,-0.48,-0.07,0.5
2021-09-02,000668,14.66,14.67,14.85,14.49,7123,10456081.0,2.46,0.41,0.06,0.49
2021-09-03,000668,14.72,14.52,14.81,14.3,10153,14731435.0,3.48,-1.02,-0.15,0.69
2021-09-06,000668,14.58,14.58,14.68,14.39,3633,5270970.0,2.0,0.41,0.06,0.25
2021-09-07,000668,14.61,15.07,15.62,14.47,12226,18465125.0,7.89,3.36,0.49,0.83
2021-09-08,000668,15.07,14.83,15.2,14.67,11436,16949594.0,3.52,-1.59,-0.24,0.78
2021-09-09,000668,14.83,14.7,14.83,14.6,6426,9450557.0,1.55,-0.88,-0.13,0.44
2021-09-10,000668,14.71,14.52,14.79,14.45,5824,8498664.0,2.31,-1.22,-0.18,0.4
2021-09-13,000668,14.6,14.74,14.88,14.3,6943,10149979.0,3.99,1.52,0.22,0.47
2021-09-14,000668,14.75,14.44,14.87,14.39,9608,13965337.0,3.26,-2.04,-0.3,0.65
2021-09-15,000668,14.31,14.5,15.88,14.1,17946,26207224.0,12.33,0.42,0.06,1.22
2021-09-16,000668,14.5,14.1,14.6,14.02,8770,12544825.0,4.0,-2.76,-0.4,0.6
2021-09-17,000668,14.16,14.18,14.35,13.9,7024,9888435.0,3.19,0.57,0.08,0.48
2021-09-22,000668,14.14,14.21,14.35,13.92,4032,5731676.0,3.03,0.21,0.03,0.27
2021-09-23,000668,14.16,14.31,14.49,14.06,3787,5422058.0,3.03,0.7,0.1,0.26
2021-09-24,000668,14.26,14.33,14.41,14.04,5986,8502068.0,2.59,0.14,0.02,0.41
2021-09-27,000668,14.33,14.0,14.48,13.59,6937,9677420.0,6.21,-2.3,-0.33,0.47
2021-09-28,000668,13.92,13.74,13.92,13.65,3491,4793085.0,1.93,-1.86,-0.26,0.24
2021-09-29,000668,13.7,13.3,13.7,13.15,9494,12670878.0,4.0,-3.2,-0.44,0.65
2021-09-30,000668,13.14,13.88,13.93,13.14,9511,12872757.0,5.94,4.36,0.58,0.65
2021-10-08,000668,13.89,14.84,14.93,13.89,16998,24866363.0,7.49,6.92,0.96,1.16
2021-10-11,000668,14.85,15.08,15.2,14.54,13636,20384356.0,4.45,1.62,0.24,0.93
2021-10-12,000668,15.12,15.1,15.18,14.85,5919,8895190.0,2.19,0.13,0.02,0.4
2021-10-13,000668,14.98,15.13,15.26,14.92,5445,8230785.0,2.25,0.2,0.03,0.37
2021-10-14,000668,15.1,15.17,15.28,15.0,5379,8148477.0,1.85,0.26,0.04,0.37
2021-10-15,000668,14.88,15.01,15.13,14.6,12501,18567510.0,3.49,-1.05,-0.16,0.85
2021-10-18,000668,14.86,14.73,14.95,14.67,3838,5655861.0,1.87,-1.87,-0.28,0.26
2021-10-19,000668,14.88,14.67,15.0,14.65,4069,6019029.0,2.38,-0.41,-0.06,0.28
2021-10-20,000668,14.67,14.78,14.89,14.56,4556,6700640.0,2.25,0.75,0.11,0.31
2021-10-21,000668,14.67,14.3,14.7,14.25,4952,7145111.0,3.04,-3.25,-0.48,0.34
2021-10-22,000668,14.49,14.13,14.49,13.97,3470,4908067.0,3.64,-1.19,-0.17,0.24
2021-10-25,000668,14.0,13.98,14.2,13.9,4879,6823382.0,2.12,-1.06,-0.15,0.33
2021-10-26,000668,13.92,13.88,13.97,13.68,4150,5732316.0,2.07,-0.72,-0.1,0.28
2021-10-27,000668,13.72,13.97,14.1,13.64,4309,5973398.0,3.31,0.65,0.09,0.29
2021-10-28,000668,13.81,13.75,13.96,13.56,3777,5199267.0,2.86,-1.57,-0.22,0.26
2021-10-29,000668,13.85,14.01,14.07,13.62,4334,6003516.0,3.27,1.89,0.26,0.3
2021-11-01,000668,14.04,13.72,14.22,13.64,6750,9266340.0,4.14,-2.07,-0.29,0.46
2021-11-02,000668,13.69,13.52,13.71,13.28,6291,8496298.0,3.13,-1.46,-0.2,0.43
2021-11-03,000668,13.58,13.53,13.7,13.24,6073,8178762.0,3.4,0.07,0.01,0.41
2021-11-04,000668,13.65,13.77,13.79,13.49,2966,4063738.0,2.22,1.77,0.24,0.2
2021-11-05,000668,13.77,13.95,13.95,13.61,3578,4956425.0,2.47,1.31,0.18,0.24
2021-11-08,000668,13.85,14.07,14.18,13.85,3040,4270567.0,2.37,0.86,0.12,0.21
2021-11-09,000668,14.07,14.07,14.19,14.02,2268,3193667.0,1.21,0.0,0.0,0.15
2021-11-10,000668,14.07,14.23,14.25,13.96,4209,5939791.0,2.06,1.14,0.16,0.29
2021-11-11,000668,14.1,14.34,14.45,14.06,9721,13926376.0,2.74,0.77,0.11,0.66
2021-11-12,000668,14.21,14.2,14.48,13.92,14021,19886749.0,3.91,-0.98,-0.14,0.96
2021-11-15,000668,14.12,14.29,14.37,14.01,5031,7152009.0,2.54,0.63,0.09,0.34
2021-11-16,000668,14.26,14.17,14.38,14.12,6513,9253345.0,1.82,-0.84,-0.12,0.44
2021-11-17,000668,14.08,14.06,14.32,14.02,4066,5745840.0,2.12,-0.78,-0.11,0.28
2021-11-18,000668,14.06,13.9,14.1,13.78,6314,8792612.0,2.28,-1.14,-0.16,0.43
2021-11-19,000668,13.84,14.09,14.24,13.8,5387,7566149.0,3.17,1.37,0.19,0.37
2021-11-22,000668,14.08,13.95,14.19,13.92,3313,4634492.0,1.92,-0.99,-0.14,0.23
2021-11-23,000668,13.93,13.84,14.0,13.77,5998,8303051.0,1.65,-0.79,-0.11,0.41
2021-11-24,000668,13.95,13.8,13.95,13.7,6593,9091599.0,1.81,-0.29,-0.04,0.45
2021-11-25,000668,13.8,13.68,13.93,13.56,21093,28972688.0,2.68,-0.87,-0.12,1.44
2021-11-26,000668,13.69,14.12,14.18,13.62,12756,17814846.0,4.09,3.22,0.44,0.87
2021-11-29,000668,14.15,13.8,14.15,13.68,10529,14554830.0,3.33,-2.27,-0.32,0.72
2021-11-30,000668,13.88,13.74,13.93,13.65,9736,13374905.0,2.03,-0.43,-0.06,0.66
2021-12-01,000668,13.74,13.93,14.1,13.63,7895,10981760.0,3.42,1.38,0.19,0.54
2021-12-02,000668,13.9,13.56,14.06,13.56,10333,14211333.0,3.59,-2.66,-0.37,0.7
2021-12-03,000668,13.54,13.64,13.7,13.47,5216,7098313.0,1.7,0.59,0.08,0.36
2021-12-06,000668,13.65,13.54,13.77,13.5,5172,7032641.0,1.98,-0.73,-0.1,0.35
2021-12-07,000668,13.54,13.6,13.67,13.34,5948,8007038.0,2.44,0.44,0.06,0.41
2021-12-08,000668,13.66,13.48,13.66,13.43,5603,7558723.0,1.69,-0.88,-0.12,0.38
2021-12-09,000668,13.48,13.7,13.78,13.48,6651,9088539.0,2.23,1.63,0.22,0.45
2021-12-10,000668,13.7,13.88,14.02,13.52,7497,10396415.0,3.65,1.31,0.18,0.51
2021-12-13,000668,13.88,13.67,13.92,13.63,6234,8539033.0,2.09,-1.51,-0.21,0.42
2021-12-14,000668,13.67,13.67,13.72,13.48,6510,8845885.0,1.76,0.0,0.0,0.44
2021-12-15,000668,13.75,13.59,13.75,13.57,4991,6797934.0,1.32,-0.59,-0.08,0.34
2021-12-16,000668,13.59,13.63,13.69,13.5,6103,8281394.0,1.4,0.29,0.04,0.42
2021-12-17,000668,13.63,14.99,14.99,13.56,30696,43879695.0,10.49,9.98,1.36,2.09
2021-12-20,000668,15.0,14.71,15.2,14.53,36648,54331262.0,4.47,-1.87,-0.28,2.5
2021-12-21,000668,14.75,15.65,15.87,14.49,40735,61074808.0,9.38,6.39,0.94,2.78
2021-12-22,000668,15.24,14.96,15.4,14.9,26433,39828585.0,3.19,-4.41,-0.69,1.8
2021-12-23,000668,14.89,14.92,15.27,14.55,15082,22392850.0,4.81,-0.27,-0.04,1.03
2021-12-24,000668,14.76,15.26,15.49,14.76,23195,35111751.0,4.89,2.28,0.34,1.58
2021-12-27,000668,15.26,14.76,15.4,14.5,20596,30631525.0,5.9,-3.28,-0.5,1.4
2021-12-28,000668,14.9,15.03,15.25,14.63,14267,21377570.0,4.2,1.83,0.27,0.97
2021-12-29,000668,15.09,14.84,15.12,14.68,9722,14418952.0,2.93,-1.26,-0.19,0.66
2021-12-30,000668,14.9,15.76,16.18,14.72,33014,51459218.0,9.84,6.2,0.92,2.25
2021-12-31,000668,16.0,15.88,16.05,15.52,24182,38207345.0,3.36,0.76,0.12,1.65
2022-01-04,000668,15.7,15.83,15.97,15.65,12978,20506139.0,2.02,-0.31,-0.05,0.88
2022-01-05,000668,15.88,15.54,15.88,15.36,12945,20141998.0,3.28,-1.83,-0.29,0.88
2022-01-06,000668,15.6,15.59,15.78,15.41,12144,19003907.0,2.38,0.32,0.05,0.83
2022-01-07,000668,15.74,15.16,15.78,15.1,13094,20182440.0,4.36,-2.76,-0.43,0.89
2022-01-10,000668,15.22,15.16,15.5,15.13,12943,19770977.0,2.44,0.0,0.0,0.88
2022-01-11,000668,15.22,15.24,15.5,15.11,15221,23190538.0,2.57,0.53,0.08,1.04
2022-01-12,000668,15.24,15.35,15.37,15.14,9327,14244341.0,1.51,0.72,0.11,0.64
2022-01-13,000668,15.32,15.37,15.47,15.24,7845,12048517.0,1.5,0.13,0.02,0.53
2022-01-14,000668,15.36,15.49,15.5,15.16,13748,21096762.0,2.21,0.78,0.12,0.94
2022-01-17,000668,15.79,16.16,16.8,15.7,40582,65676535.0,7.1,4.33,0.67,2.77
2022-01-18,000668,15.99,15.39,15.99,15.23,20040,31239527.0,4.7,-4.76,-0.77,1.37
2022-01-19,000668,15.18,15.4,15.55,15.18,9502,14643742.0,2.4,0.06,0.01,0.65
2022-01-20,000668,15.55,15.05,15.58,14.97,11394,17269440.0,3.96,-2.27,-0.35,0.78
2022-01-21,000668,15.23,15.15,15.47,15.04,7782,11821710.0,2.86,0.66,0.1,0.53
2022-01-24,000668,15.0,14.75,15.12,14.69,8136,12070683.0,2.84,-2.64,-0.4,0.55
2022-01-25,000668,14.89,14.03,14.9,14.0,10965,15654494.0,6.1,-4.88,-0.72,0.75
2022-01-26,000668,14.02,14.07,14.34,13.82,10531,14839839.0,3.71,0.29,0.04,0.72
2022-01-27,000668,14.06,13.35,14.21,13.33,17164,23475524.0,6.25,-5.12,-0.72,1.17
2022-01-28,000668,13.32,13.93,14.17,13.31,15187,20924434.0,6.44,4.34,0.58,1.04
2022-02-07,000668,14.18,13.8,14.35,13.77,10067,14052586.0,4.16,-0.93,-0.13,0.69
2022-02-08,000668,13.82,13.99,14.1,13.74,8881,12377870.0,2.61,1.38,0.19,0.61
2022-02-09,000668,14.01,14.13,14.25,13.99,9933,14015631.0,1.86,1.0,0.14,0.68
2022-02-10,000668,14.1,14.05,14.2,13.88,12203,17070287.0,2.26,-0.57,-0.08,0.83
2022-02-11,000668,14.13,14.12,14.16,13.85,9386,13136078.0,2.21,0.5,0.07,0.64
2022-02-14,000668,13.98,14.18,14.27,13.85,9230,12983016.0,2.97,0.42,0.06,0.63
2022-02-15,000668,14.06,13.96,14.23,13.86,6330,8865835.0,2.61,-1.55,-0.22,0.43
2022-02-16,000668,13.9,13.97,14.1,13.81,8099,11315862.0,2.08,0.07,0.01,0.55
2022-02-17,000668,13.97,13.77,14.04,13.71,9148,12698555.0,2.36,-1.43,-0.2,0.62
2022-02-18,000668,13.61,13.92,13.97,13.51,9421,12954548.0,3.34,1.09,0.15,0.64
2022-02-21,000668,13.92,14.2,14.27,13.77,8856,12466100.0,3.59,2.01,0.28,0.6
2022-02-22,000668,14.3,14.11,14.35,14.06,7753,10986246.0,2.04,-0.63,-0.09,0.53
2022-02-23,000668,14.16,14.3,14.32,14.04,9387,13336195.0,1.98,1.35,0.19,0.64
2022-02-24,000668,14.29,13.89,14.33,13.69,11821,16561095.0,4.48,-2.87,-0.41,0.81
2022-02-25,000668,14.13,14.23,14.49,14.1,11881,16968040.0,2.81,2.45,0.34,0.81
2022-02-28,000668,14.22,14.2,14.35,13.63,13081,18239362.0,5.06,-0.21,-0.03,0.89
2022-03-01,000668,14.2,14.38,14.42,14.01,9948,14203967.0,2.89,1.27,0.18,0.68
2022-03-02,000668,14.38,14.3,14.53,14.12,6873,9891245.0,2.85,-0.56,-0.08,0.47
2022-03-03,000668,14.3,14.29,14.53,14.23,7501,10795144.0,2.1,-0.07,-0.01,0.51
2022-03-04,000668,14.24,14.19,14.41,14.11,6731,9575903.0,2.1,-0.7,-0.1,0.46
2022-03-07,000668,14.17,13.88,14.17,13.8,9148,12739472.0,2.61,-2.18,-0.31,0.62
2022-03-08,000668,13.81,13.66,14.91,13.6,18019,25366762.0,9.44,-1.59,-0.22,1.23
2022-03-09,000668,13.58,13.1,13.62,12.58,17615,23080906.0,7.61,-4.1,-0.56,1.2
2022-03-10,000668,13.19,13.2,13.45,13.16,9261,12297206.0,2.21,0.76,0.1,0.63
2022-03-11,000668,13.18,13.55,13.63,12.76,10201,13488261.0,6.59,2.65,0.35,0.7
2022-03-14,000668,13.33,13.27,13.49,13.21,7204,9640693.0,2.07,-2.07,-0.28,0.49
2022-03-15,000668,13.28,12.66,13.38,12.61,7607,9875665.0,5.8,-4.6,-0.61,0.52
2022-03-16,000668,12.86,12.92,13.06,12.33,8917,11422851.0,5.77,2.05,0.26,0.61
2022-03-17,000668,13.05,12.93,13.3,12.88,10196,13386127.0,3.25,0.08,0.01,0.7
2022-03-18,000668,12.86,13.18,13.3,12.72,6340,8277069.0,4.49,1.93,0.25,0.43
2022-03-21,000668,13.2,14.06,14.09,13.15,17871,24345446.0,7.13,6.68,0.88,1.22
2022-03-22,000668,14.04,13.99,14.22,13.78,12524,17488506.0,3.13,-0.5,-0.07,0.85
2022-03-23,000668,13.84,14.22,14.34,13.84,13717,19384217.0,3.57,1.64,0.23,0.94
2022-03-24,000668,14.21,14.64,14.8,14.01,33276,47928938.0,5.56,2.95,0.42,2.27
2022-03-25,000668,16.1,16.1,16.1,16.1,38772,62423515.0,0.0,9.97,1.46,2.64
2022-03-28,000668,16.2,15.18,16.2,14.95,129517,202876099.0,7.76,-5.71,-0.92,8.83
2022-03-29,000668,15.03,14.52,16.7,14.25,128922,200544034.0,16.14,-4.35,-0.66,8.79
2022-03-30,000668,14.15,14.59,15.09,13.83,103586,150581576.0,8.68,0.48,0.07,7.06
2022-03-31,000668,14.49,15.3,15.99,14.12,110832,163504594.0,12.82,4.87,0.71,7.56
2022-04-01,000668,15.0,15.78,16.5,14.82,135157,211659749.0,10.98,3.14,0.48,9.21
2022-04-06,000668,15.61,15.15,15.99,15.15,108437,167781211.0,5.32,-3.99,-0.63,7.39
2022-04-07,000668,14.92,14.73,15.29,14.46,75156,110775351.0,5.48,-2.77,-0.42,5.12
2022-04-08,000668,14.63,14.52,14.97,14.33,59709,87748498.0,4.34,-1.43,-0.21,4.07
2022-04-11,000668,14.34,13.43,14.37,13.41,53459,73303154.0,6.61,-7.51,-1.09,3.64
2022-04-12,000668,13.32,14.11,14.55,13.32,64212,90204642.0,9.16,5.06,0.68,4.38
2022-04-13,000668,14.11,13.79,14.15,13.62,37848,52524767.0,3.76,-2.27,-0.32,2.58
2022-04-14,000668,13.91,13.9,14.37,13.71,28898,40268110.0,4.79,0.8,0.11,1.97
2022-04-15,000668,13.76,13.86,14.05,13.69,26651,37032103.0,2.59,-0.29,-0.04,1.82
2022-04-18,000668,13.65,13.65,13.97,13.29,22573,30828997.0,4.91,-1.52,-0.21,1.54
2022-04-19,000668,13.62,13.8,13.96,13.52,16302,22371255.0,3.22,1.1,0.15,1.11
2022-04-20,000668,13.73,13.5,14.32,13.38,21425,29396474.0,6.81,-2.17,-0.3,1.46
2022-04-21,000668,13.48,13.33,13.48,13.05,25435,33631617.0,3.19,-1.26,-0.17,1.73
2022-04-22,000668,13.1,12.95,13.3,12.8,22234,28921740.0,3.75,-2.85,-0.38,1.52
2022-04-25,000668,12.9,11.72,12.9,11.68,30948,37465063.0,9.42,-9.5,-1.23,2.11
2022-04-26,000668,11.72,11.36,11.98,11.26,26794,30850674.0,6.14,-3.07,-0.36,1.83
2022-04-27,000668,11.35,11.66,11.78,10.58,24385,26955087.0,10.56,2.64,0.3,1.66
2022-04-28,000668,11.54,11.7,11.7,11.21,16435,18724124.0,4.2,0.34,0.04,1.12
2022-04-29,000668,11.73,12.35,12.35,11.53,21712,26275197.0,7.01,5.56,0.65,1.48
2022-05-05,000668,12.6,11.78,12.6,11.37,45970,53691126.0,9.96,-4.62,-0.57,3.13
2022-05-06,000668,11.3,11.17,11.46,11.01,26792,29984941.0,3.82,-5.18,-0.61,1.83
2022-05-09,000668,11.0,11.33,11.47,10.9,18689,21150203.0,5.1,1.43,0.16,1.27
2022-05-10,000668,11.2,11.9,11.95,11.17,24089,28047525.0,6.88,5.03,0.57,1.64
2022-05-11,000668,11.9,11.69,12.3,11.62,19201,22729047.0,5.71,-1.76,-0.21,1.31
2022-05-12,000668,11.63,11.91,12.12,11.52,23857,28478793.0,5.13,1.88,0.22,1.63
2022-05-13,000668,11.93,12.36,12.54,11.83,19921,24348328.0,5.96,3.78,0.45,1.36
2022-05-16,000668,12.4,12.2,12.69,12.12,30029,37241694.0,4.61,-1.29,-0.16,2.05
2022-05-17,000668,12.25,11.76,12.47,11.74,20081,24002226.0,5.98,-3.61,-0.44,1.37
2022-05-18,000668,11.76,11.83,12.1,11.62,15667,18631026.0,4.08,0.6,0.07,1.07
2022-05-19,000668,11.83,11.8,12.02,11.53,15722,18553913.0,4.14,-0.25,-0.03,1.07
2022-05-20,000668,11.8,11.68,11.97,11.6,13906,16312681.0,3.14,-1.02,-0.12,0.95
2022-05-23,000668,11.64,11.65,11.84,11.51,19457,22678685.0,2.83,-0.26,-0.03,1.33
2022-05-24,000668,11.68,11.06,12.13,11.06,27320,31356466.0,9.18,-5.06,-0.59,1.86
2022-05-25,000668,11.0,11.24,11.32,10.97,15902,17810948.0,3.16,1.63,0.18,1.08
2022-05-26,000668,11.22,11.24,11.37,11.05,11467,12854785.0,2.85,0.0,0.0,0.78
2022-05-27,000668,11.22,11.07,11.29,10.92,18525,20562230.0,3.29,-1.51,-0.17,1.26
2022-05-30,000668,11.12,11.31,11.32,10.99,16271,18210207.0,2.98,2.17,0.24,1.11
2022-05-31,000668,11.31,11.16,11.37,10.95,19344,21422834.0,3.71,-1.33,-0.15,1.32
2022-06-01,000668,11.19,11.66,11.96,11.1,36524,42355592.0,7.71,4.48,0.5,2.49
2022-06-02,000668,11.58,11.26,11.63,11.2,21943,24830896.0,3.69,-3.43,-0.4,1.5
2022-06-06,000668,11.29,11.27,11.39,11.05,16808,18978462.0,3.02,0.09,0.01,1.15
2022-06-07,000668,11.27,11.27,11.37,11.07,21915,24555424.0,2.66,0.0,0.0,1.49
2022-06-08,000668,11.24,11.07,11.24,10.87,21175,23407810.0,3.28,-1.77,-0.2,1.44
2022-06-09,000668,11.05,10.78,11.09,10.72,17542,19081784.0,3.34,-2.62,-0.29,1.2
2022-06-10,000668,10.76,11.12,11.25,10.63,31087,34552533.0,5.75,3.15,0.34,2.12
2022-06-13,000668,11.15,11.45,12.08,11.14,34968,40330692.0,8.45,2.97,0.33,2.38
2022-06-14,000668,11.45,11.04,11.55,10.95,29114,32313598.0,5.24,-3.58,-0.41,1.98
2022-06-15,000668,11.11,10.93,11.19,10.93,23935,26405646.0,2.36,-1.0,-0.11,1.63
2022-06-16,000668,10.93,10.97,11.06,10.79,14485,15904445.0,2.47,0.37,0.04,0.99
2022-06-17,000668,10.86,10.89,11.04,10.71,20318,22039669.0,3.01,-0.73,-0.08,1.39
2022-06-20,000668,10.89,11.04,11.12,10.86,22083,24251534.0,2.39,1.38,0.15,1.51
2022-06-21,000668,11.07,11.03,11.27,10.95,19376,21508093.0,2.9,-0.09,-0.01,1.32
2022-06-22,000668,11.09,11.09,11.25,10.84,19279,21316458.0,3.72,0.54,0.06,1.31
2022-06-23,000668,11.09,11.1,11.19,10.88,22252,24489325.0,2.8,0.09,0.01,1.52
2022-06-24,000668,11.1,11.03,11.18,11.01,14614,16159739.0,1.53,-0.63,-0.07,1.0
2022-06-27,000668,11.03,11.49,11.5,10.98,43494,49021439.0,4.71,4.17,0.46,2.97
2022-06-28,000668,11.4,11.76,11.85,11.23,36444,42309646.0,5.4,2.35,0.27,2.48
2022-06-29,000668,11.82,11.79,11.92,11.5,27761,32396649.0,3.57,0.26,0.03,1.89
2022-06-30,000668,11.77,11.48,11.82,11.44,23508,27139214.0,3.22,-2.63,-0.31,1.6
2022-07-01,000668,11.47,11.66,11.89,11.35,22892,26792774.0,4.7,1.57,0.18,1.56
2022-07-04,000668,11.59,11.44,11.77,11.39,17183,19705738.0,3.26,-1.89,-0.22,1.17
2022-07-05,000668,11.5,11.54,11.78,11.34,22025,25422023.0,3.85,0.87,0.1,1.5
2022-07-06,000668,11.64,11.46,11.64,11.26,15602,17798296.0,3.29,-0.69,-0.08,1.06
2022-07-07,000668,11.46,11.54,11.69,11.3,15631,18106575.0,3.4,0.7,0.08,1.07
2022-07-08,000668,11.54,11.57,11.73,11.49,12642,14657921.0,2.08,0.26,0.03,0.86
2022-07-11,000668,11.56,11.61,11.63,11.33,15556,17921075.0,2.59,0.35,0.04,1.06
2022-07-12,000668,11.58,11.7,11.82,11.42,26230,30534207.38,3.45,0.78,0.09,1.79
2022-07-13,000668,11.72,11.93,12.15,11.6,30115,35818828.25,4.7,1.97,0.23,2.05
2022-07-14,000668,11.87,12.07,12.15,11.75,18183,21778960.0,3.35,1.17,0.14,1.24
2022-07-15,000668,12.08,11.88,12.08,11.7,26369,31161978.0,3.15,-1.57,-0.19,1.8
2022-07-18,000668,11.75,12.09,12.22,11.75,26284,31691346.48,3.96,1.77,0.21,1.79
2022-07-19,000668,12.06,12.37,12.55,11.98,21938,27066310.89,4.71,2.32,0.28,1.5
2022-07-20,000668,12.35,12.37,12.47,12.16,14920,18418032.0,2.51,0.0,0.0,1.02
2022-07-21,000668,12.37,12.19,12.45,12.08,21833,26704888.0,2.99,-1.46,-0.18,1.49
2022-07-22,000668,12.23,12.25,12.36,12.07,11294,13764302.0,2.38,0.49,0.06,0.77
2022-07-25,000668,12.28,12.62,12.9,12.1,31990,40177468.86,6.53,3.02,0.37,2.18
2022-07-26,000668,12.67,13.3,13.56,12.63,59336,78731868.41,7.37,5.39,0.68,4.05
2022-07-27,000668,13.31,14.25,14.32,13.14,81759,113295489.07,8.87,7.14,0.95,5.57
2022-07-28,000668,14.34,13.87,14.35,13.69,50793,70894868.24,4.63,-2.67,-0.38,3.46
2022-07-29,000668,13.73,13.34,13.79,13.31,33878,45634342.72,3.46,-3.82,-0.53,2.31
2022-08-01,000668,13.39,13.07,13.39,12.96,24375,31854230.68,3.22,-2.02,-0.27,1.66
2022-08-02,000668,13.05,12.09,13.05,11.93,46099,56904194.77,8.57,-7.5,-0.98,3.14
2022-08-03,000668,12.01,12.2,12.5,12.01,25654,31392866.0,4.05,0.91,0.11,1.75
2022-08-04,000668,12.3,12.67,12.94,12.2,21965,27830558.52,6.07,3.85,0.47,1.5
2022-08-05,000668,12.74,13.08,13.11,12.56,28160,36168176.68,4.34,3.24,0.41,1.92
2022-08-08,000668,13.0,13.45,13.51,12.92,22065,29475226.0,4.51,2.83,0.37,1.5
2022-08-09,000668,13.58,13.47,13.59,13.16,28331,37841705.21,3.2,0.15,0.02,1.93
2022-08-10,000668,13.7,13.22,13.7,13.0,21938,28990180.23,5.2,-1.86,-0.25,1.5
2022-08-11,000668,13.63,13.75,14.09,13.1,28118,38511051.28,7.49,4.01,0.53,1.92
2022-08-12,000668,13.88,13.45,13.9,13.34,22707,30654720.3,4.07,-2.18,-0.3,1.55
2022-08-15,000668,13.31,13.65,13.89,13.2,19108,25972935.92,5.13,1.49,0.2,1.3
2022-08-16,000668,13.78,13.74,13.89,13.5,23568,32268944.66,2.86,0.66,0.09,1.61
2022-08-17,000668,13.79,13.77,14.04,13.54,21735,30045372.2,3.64,0.22,0.03,1.48
2022-08-18,000668,13.88,13.91,13.97,13.56,21530,29741221.88,2.98,1.02,0.14,1.47
2022-08-19,000668,13.95,13.9,14.09,13.78,17057,23720870.5,2.23,-0.07,-0.01,1.16
2022-08-22,000668,13.9,14.0,14.14,13.79,18069,25223183.0,2.52,0.72,0.1,1.23
2022-08-23,000668,14.08,14.03,14.33,13.93,15424,21708966.78,2.86,0.21,0.03,1.05
2022-08-24,000668,14.21,13.92,14.21,13.85,18740,26192983.0,2.57,-0.78,-0.11,1.28
2022-08-25,000668,14.2,13.94,14.2,13.7,25520,35416951.31,3.59,0.14,0.02,1.74
2022-08-26,000668,14.15,13.9,14.15,13.81,11052,15396454.39,2.44,-0.29,-0.04,0.75
2022-08-29,000668,13.98,14.07,14.14,13.19,22879,31862780.0,6.83,1.22,0.17,1.56
2022-08-30,000668,14.16,14.05,14.22,13.9,16594,23286590.17,2.27,-0.14,-0.02,1.13
2022-08-31,000668,14.05,13.7,14.07,13.48,20492,28121439.32,4.2,-2.49,-0.35,1.4
2022-09-01,000668,13.78,13.62,13.94,13.53,16115,22084726.0,2.99,-0.58,-0.08,1.1
2022-09-02,000668,13.79,14.16,14.28,13.56,35028,49224509.0,5.29,3.96,0.54,2.39
2022-09-05,000668,14.28,14.18,14.4,14.04,18848,26685865.0,2.54,0.14,0.02,1.28
2022-09-06,000668,14.38,14.36,14.45,14.17,21625,30922613.22,1.97,1.27,0.18,1.47
2022-09-07,000668,14.79,14.34,14.79,14.14,22601,32515727.27,4.53,-0.14,-0.02,1.54
2022-09-08,000668,14.46,14.37,14.51,14.15,14948,21443279.0,2.51,0.21,0.03,1.02
2022-09-09,000668,14.56,14.48,14.57,14.26,13963,20164138.82,2.16,0.77,0.11,0.95
2022-09-13,000668,14.58,14.24,14.58,14.11,18846,26843891.0,3.25,-1.66,-0.24,1.28
2022-09-14,000668,14.18,14.29,14.41,14.0,17838,25422926.0,2.88,0.35,0.05,1.22
2022-09-15,000668,14.39,14.14,14.95,14.08,28298,40801945.63,6.09,-1.05,-0.15,1.93
2022-09-16,000668,14.37,14.05,14.54,13.93,23431,33310821.0,4.31,-0.64,-0.09,1.6
2022-09-19,000668,14.3,13.66,14.3,13.41,21441,29295246.0,6.33,-2.78,-0.39,1.46
2022-09-20,000668,13.75,14.06,14.16,13.74,16620,23280308.05,3.07,2.93,0.4,1.13
2022-09-21,000668,13.9,14.07,14.29,13.74,11138,15593595.16,3.91,0.07,0.01,0.76
2022-09-22,000668,14.18,13.86,14.32,13.82,13084,18322844.42,3.55,-1.49,-0.21,0.89
2022-09-23,000668,14.0,13.57,14.05,13.57,16547,22710987.52,3.46,-2.09,-0.29,1.13
2022-09-26,000668,13.7,13.15,13.7,13.13,11911,15905907.73,4.2,-3.1,-0.42,0.81
2022-09-27,000668,13.22,13.31,13.38,13.0,10757,14231625.22,2.89,1.22,0.16,0.73
2022-09-28,000668,13.32,13.11,13.49,13.03,14328,18963449.32,3.46,-1.5,-0.2,0.98
2022-09-29,000668,13.16,12.84,13.29,12.72,20690,26703929.95,4.35,-2.06,-0.27,1.41
2022-09-30,000668,12.98,14.12,14.12,12.63,43425,59131336.75,11.6,9.97,1.28,2.96
2022-10-10,000668,14.12,13.27,14.2,13.08,69336,93872988.35,7.93,-6.02,-0.85,4.73
2022-10-11,000668,13.07,13.0,13.27,11.97,44336,56803152.96,9.8,-2.03,-0.27,3.02
2022-10-12,000668,13.05,12.84,13.07,12.58,23077,29537723.82,3.77,-1.23,-0.16,1.57
2022-10-13,000668,12.83,12.93,13.22,12.65,19786,25664707.51,4.44,0.7,0.09,1.35
2022-10-14,000668,12.98,14.22,14.22,12.81,44638,62885443.01,10.9,9.98,1.29,3.04
2022-10-17,000668,14.21,14.47,14.94,14.12,97974,142981582.05,5.77,1.76,0.25,6.68
2022-10-18,000668,14.5,14.16,14.68,14.15,52670,75363491.62,3.66,-2.14,-0.31,3.59
2022-10-19,000668,14.17,14.01,14.34,13.88,31475,44096861.24,3.25,-1.06,-0.15,2.15
2022-10-20,000668,14.01,14.06,14.18,13.81,31647,44266524.7,2.64,0.36,0.05,2.16
2022-10-21,000668,15.47,15.47,15.47,14.53,332695,510604389.37,6.69,10.03,1.41,22.68
2022-10-24,000668,15.3,13.92,15.3,13.92,124647,179668596.7,8.92,-10.02,-1.55,8.5
2022-10-25,000668,12.53,12.53,12.88,12.53,213026,267812523.57,2.51,-9.99,-1.39,14.52
2022-10-26,000668,12.53,12.75,12.98,12.03,91026,114550977.19,7.58,1.76,0.22,6.21
2022-10-27,000668,12.73,12.8,13.02,12.45,64816,82581401.68,4.47,0.39,0.05,4.42
2022-10-28,000668,12.61,12.74,12.96,12.23,50000,62876740.56,5.7,-0.47,-0.06,3.41
2022-10-31,000668,12.5,12.48,12.68,12.28,27447,34241537.0,3.14,-2.04,-0.26,1.87
2022-11-01,000668,12.5,12.53,12.62,12.31,21357,26674430.0,2.48,0.4,0.05,1.46
2022-11-02,000668,12.54,12.64,12.78,12.52,31777,40205423.61,2.08,0.88,0.11,2.17
2022-11-03,000668,12.6,12.46,12.6,12.38,23457,29266926.0,1.74,-1.42,-0.18,1.6
2022-11-04,000668,12.45,12.55,12.7,12.39,32911,41219520.4,2.49,0.72,0.09,2.24
2022-11-07,000668,12.41,12.76,12.8,12.41,24880,31461075.0,3.11,1.67,0.21,1.7
2022-11-08,000668,12.77,13.09,13.2,12.65,32779,42476147.7,4.31,2.59,0.33,2.23
2022-11-09,000668,13.19,13.41,13.56,13.0,38144,50981327.64,4.28,2.44,0.32,2.6
2022-11-10,000668,13.5,13.68,13.97,13.21,48757,66782778.0,5.67,2.01,0.27,3.32
2022-11-11,000668,13.89,13.95,14.28,13.6,55597,77967893.2,4.97,1.97,0.27,3.79
2022-11-14,000668,13.96,14.1,14.38,13.88,36668,51824704.95,3.58,1.08,0.15,2.5
2022-11-15,000668,14.2,14.31,14.53,14.09,46321,66439364.0,3.12,1.49,0.21,3.16
2022-11-16,000668,14.31,14.24,14.43,14.12,32201,45906588.16,2.17,-0.49,-0.07,2.2
2022-11-17,000668,14.27,14.26,14.5,14.18,28496,40798363.4,2.25,0.14,0.02,1.94
2022-11-18,000668,14.31,14.17,14.55,14.1,28622,40937297.48,3.16,-0.63,-0.09,1.95
2022-11-21,000668,14.3,13.9,14.3,13.8,20731,28834922.0,3.53,-1.91,-0.27,1.41
2022-11-22,000668,13.8,13.47,13.95,13.43,19983,27219336.2,3.74,-3.09,-0.43,1.36
2022-11-23,000668,13.47,13.42,13.6,13.15,18653,24949433.0,3.34,-0.37,-0.05,1.27
2022-11-24,000668,13.58,13.89,13.96,13.37,26896,37052151.0,4.4,3.5,0.47,1.83
2022-11-25,000668,13.8,13.84,14.1,13.75,21716,30197330.19,2.52,-0.36,-0.05,1.48
2022-11-28,000668,13.93,13.8,13.96,13.62,19139,26285417.0,2.46,-0.29,-0.04,1.3
2022-11-29,000668,13.99,14.09,14.29,13.83,27364,38452632.99,3.33,2.1,0.29,1.87
2022-11-30,000668,14.1,13.79,14.22,13.71,23080,32255327.69,3.62,-2.13,-0.3,1.57
2022-12-01,000668,13.82,13.72,14.07,13.61,20701,28490339.0,3.34,-0.51,-0.07,1.41
2022-12-02,000668,13.79,13.84,13.94,13.66,20180,27909116.55,2.04,0.87,0.12,1.38
2022-12-05,000668,13.89,13.97,14.15,13.89,22896,32067809.0,1.88,0.94,0.13,1.56
2022-12-06,000668,13.9,13.66,14.0,13.61,19745,27083900.0,2.79,-2.22,-0.31,1.35
2022-12-07,000668,13.76,13.65,13.76,13.45,14113,19146501.0,2.27,-0.07,-0.01,0.96
2022-12-08,000668,13.8,13.56,13.8,13.4,12357,16716182.0,2.93,-0.66,-0.09,0.84
2022-12-09,000668,13.57,13.92,14.14,13.42,30913,42716475.0,5.31,2.65,0.36,2.11
2022-12-12,000668,13.86,14.06,14.25,13.81,33538,47220247.0,3.16,1.01,0.14,2.29
2022-12-13,000668,14.13,14.09,14.18,13.88,19992,28052226.2,2.13,0.21,0.03,1.36
2022-12-14,000668,14.0,13.96,14.37,13.92,18669,26335584.0,3.19,-0.92,-0.13,1.27
2022-12-15,000668,14.04,13.79,14.05,13.74,12983,17958163.0,2.22,-1.22,-0.17,0.89
2022-12-16,000668,13.8,13.68,13.9,13.6,13983,19184848.0,2.18,-0.8,-0.11,0.95
2022-12-19,000668,13.68,13.35,13.85,13.18,16718,22453522.6,4.9,-2.41,-0.33,1.14
2022-12-20,000668,13.22,13.06,13.49,13.02,11953,15712765.36,3.52,-2.17,-0.29,0.81
2022-12-21,000668,13.01,13.05,13.3,12.98,12505,16348735.18,2.45,-0.08,-0.01,0.85
2022-12-22,000668,13.11,12.89,13.18,12.7,16482,21353966.0,3.68,-1.23,-0.16,1.12
2022-12-23,000668,13.08,12.98,13.08,12.73,12540,16246404.0,2.72,0.7,0.09,0.85
2022-12-26,000668,13.18,12.78,13.18,12.59,15949,20322761.0,4.55,-1.54,-0.2,1.09
2022-12-27,000668,12.62,12.79,12.86,12.55,11771,14930006.92,2.43,0.08,0.01,0.8
2022-12-28,000668,12.79,12.75,12.98,12.58,12250,15631829.0,3.13,-0.31,-0.04,0.84
2022-12-29,000668,12.67,12.59,12.84,12.56,11704,14808051.0,2.2,-1.25,-0.16,0.8
2022-12-30,000668,12.61,13.0,13.53,12.41,25092,32353798.24,8.9,3.26,0.41,1.71
2023-01-03,000668,12.96,13.0,13.24,12.81,21445,27944149.0,3.31,0.0,0.0,1.46
2023-01-04,000668,12.99,13.46,13.72,12.88,22935,30778215.43,6.46,3.54,0.46,1.56
2023-01-05,000668,13.54,13.3,13.54,13.21,14694,19596371.0,2.45,-1.19,-0.16,1.0
2023-01-06,000668,13.21,13.06,13.4,13.0,15662,20549868.84,3.01,-1.8,-0.24,1.07
2023-01-09,000668,13.14,12.91,13.15,12.78,13334,17243766.0,2.83,-1.15,-0.15,0.91
2023-01-10,000668,13.0,12.9,13.0,12.8,12128,15589002.0,1.55,-0.08,-0.01,0.83
2023-01-11,000668,12.98,12.7,12.98,12.66,10243,13104053.0,2.48,-1.55,-0.2,0.7
2023-01-12,000668,12.8,12.69,12.8,12.54,9976,12615828.0,2.05,-0.08,-0.01,0.68
2023-01-13,000668,12.79,12.62,12.79,12.54,8038,10133372.0,1.97,-0.55,-0.07,0.55
2023-01-16,000668,12.66,12.65,12.73,12.6,9096,11519522.0,1.03,0.24,0.03,0.62
2023-01-17,000668,12.75,12.64,12.75,12.55,7255,9154680.0,1.58,-0.08,-0.01,0.49
2023-01-18,000668,12.64,12.74,12.79,12.58,8508,10796580.0,1.66,0.79,0.1,0.58
2023-01-19,000668,12.71,12.62,12.78,12.61,8470,10711569.0,1.33,-0.94,-0.12,0.58
2023-01-20,000668,12.62,12.73,12.77,12.6,9818,12471472.0,1.35,0.87,0.11,0.67
2023-01-30,000668,12.81,12.9,12.94,12.78,11144,14361383.84,1.26,1.34,0.17,0.76
2023-01-31,000668,12.85,12.92,12.93,12.7,10606,13621733.0,1.78,0.16,0.02,0.72
2023-02-01,000668,12.93,13.05,13.06,12.86,11156,14484507.0,1.55,1.01,0.13,0.76
2023-02-02,000668,13.03,13.0,13.16,12.95,13476,17549167.28,1.61,-0.38,-0.05,0.92
2023-02-03,000668,12.98,12.84,13.06,12.76,11816,15188447.0,2.31,-1.23,-0.16,0.81
2023-02-06,000668,12.98,12.79,12.98,12.66,10404,13300134.0,2.49,-0.39,-0.05,0.71
2023-02-07,000668,12.82,13.0,13.14,12.76,17870,23102729.35,2.97,1.64,0.21,1.22
2023-02-08,000668,13.05,12.99,13.14,12.9,15171,19765063.9,1.85,-0.08,-0.01,1.03
2023-02-09,000668,13.05,12.95,13.07,12.9,15153,19666173.54,1.31,-0.31,-0.04,1.03
2023-02-10,000668,12.98,12.89,13.0,12.82,7875,10161658.44,1.39,-0.46,-0.06,0.54
2023-02-13,000668,12.93,12.95,13.04,12.82,8909,11502349.0,1.71,0.47,0.06,0.61
2023-02-14,000668,12.96,13.02,13.06,12.88,10412,13505532.57,1.39,0.54,0.07,0.71
2023-02-15,000668,12.98,12.94,13.09,12.88,9077,11755795.77,1.61,-0.61,-0.08,0.62
2023-02-16,000668,12.96,12.67,13.04,12.55,18077,23247099.0,3.79,-2.09,-0.27,1.23
2023-02-17,000668,12.67,12.66,12.83,12.59,10044,12737572.0,1.89,-0.08,-0.01,0.68
2023-02-20,000668,12.7,12.48,12.77,12.27,23938,29734989.39,3.95,-1.42,-0.18,1.63
2023-02-21,000668,12.5,12.61,12.75,12.48,14483,18292154.0,2.16,1.04,0.13,0.99
2023-02-22,000668,12.61,12.53,12.63,12.44,8288,10381189.0,1.51,-0.63,-0.08,0.57
2023-02-23,000668,12.53,12.43,12.63,12.35,12111,15082313.0,2.23,-0.8,-0.1,0.83
2023-02-24,000668,12.42,12.43,12.54,12.34,9360,11626207.0,1.61,0.0,0.0,0.64
2023-02-27,000668,12.43,12.23,12.54,12.14,12299,15157050.0,3.22,-1.61,-0.2,0.84
2023-02-28,000668,12.2,12.5,12.5,12.15,9820,12175040.0,2.86,2.21,0.27,0.67
2023-03-01,000668,12.5,12.57,12.59,12.45,8874,11119811.92,1.12,0.56,0.07,0.6
2023-03-02,000668,12.59,12.43,12.6,12.41,7392,9238353.41,1.51,-1.11,-0.14,0.5
2023-03-03,000668,12.58,12.57,12.62,12.43,10221,12815659.73,1.53,1.13,0.14,0.7
2023-03-06,000668,12.55,12.88,12.95,12.48,26818,34084785.6,3.74,2.47,0.31,1.83
2023-03-07,000668,12.78,12.44,13.12,12.41,25052,31999944.0,5.51,-3.42,-0.44,1.71
2023-03-08,000668,12.55,12.57,12.59,12.42,7882,9855687.18,1.37,1.05,0.13,0.54
2023-03-09,000668,12.57,12.58,12.68,12.47,8042,10108780.0,1.67,0.08,0.01,0.55
2023-03-10,000668,12.57,12.28,12.6,12.28,10661,13216463.0,2.54,-2.38,-0.3,0.73
2023-03-13,000668,12.28,12.28,12.39,12.12,9270,11341595.46,2.2,0.0,0.0,0.63
2023-03-14,000668,12.28,12.14,12.95,11.98,13414,16318573.82,7.9,-1.14,-0.14,0.91
2023-03-15,000668,12.17,12.28,12.33,12.13,6934,8482464.0,1.65,1.15,0.14,0.47
2023-03-16,000668,12.24,12.06,12.3,11.99,8647,10486396.0,2.52,-1.79,-0.22,0.59
2023-03-17,000668,12.18,11.77,12.24,11.75,17797,21192398.5,4.06,-2.4,-0.29,1.21
2023-03-20,000668,11.77,11.64,11.78,11.43,19594,22727264.0,2.97,-1.1,-0.13,1.34
2023-03-21,000668,11.7,11.98,11.99,11.65,14276,16928088.0,2.92,2.92,0.34,0.97
2023-03-22,000668,12.07,12.08,12.15,11.91,11111,13412574.4,2.0,0.83,0.1,0.76
2023-03-23,000668,12.08,12.01,12.13,11.91,8889,10656375.0,1.82,-0.58,-0.07,0.61
2023-03-24,000668,12.05,11.98,12.25,11.96,13616,16430443.0,2.41,-0.25,-0.03,0.93
2023-03-27,000668,11.91,11.74,12.08,11.66,12697,14962843.0,3.51,-2.0,-0.24,0.87
2023-03-28,000668,11.68,11.53,11.75,11.52,9441,10954650.84,1.96,-1.79,-0.21,0.64
2023-03-29,000668,11.65,11.39,11.65,11.31,12421,14182459.0,2.95,-1.21,-0.14,0.85
2023-03-30,000668,11.26,11.43,11.46,11.12,17636,19938177.0,2.99,0.35,0.04,1.2
2023-03-31,000668,11.43,11.63,11.77,11.4,15283,17747382.18,3.24,1.75,0.2,1.04
2023-04-03,000668,11.85,11.52,11.85,11.42,18047,20813640.0,3.7,-0.95,-0.11,1.23
2023-04-04,000668,11.52,11.27,11.56,11.15,19266,21769122.0,3.56,-2.17,-0.25,1.31
2023-04-06,000668,11.45,11.17,11.45,11.07,13248,14801980.14,3.37,-0.89,-0.1,0.9
2023-04-07,000668,11.17,11.23,11.38,11.17,17339,19554863.84,1.88,0.54,0.06,1.18
2023-04-10,000668,11.46,11.05,11.46,11.05,16714,18620911.72,3.65,-1.6,-0.18,1.14
2023-04-11,000668,11.05,11.11,11.17,11.03,9539,10576865.0,1.27,0.54,0.06,0.65
2023-04-12,000668,11.24,11.07,11.24,10.95,12375,13698280.12,2.61,-0.36,-0.04,0.84
2023-04-13,000668,11.04,10.97,11.13,10.92,7271,8011653.46,1.9,-0.9,-0.1,0.5
2023-04-14,000668,10.98,11.0,11.1,10.87,12361,13549922.0,2.1,0.27,0.03,0.84
2023-04-17,000668,11.08,10.98,11.08,10.86,7150,7800970.0,2.0,-0.18,-0.02,0.49
2023-04-18,000668,11.01,10.95,11.07,10.86,10903,11976195.0,1.91,-0.27,-0.03,0.74
2023-04-19,000668,11.01,10.9,11.01,10.75,9927,10792745.0,2.37,-0.46,-0.05,0.68
2023-04-20,000668,10.72,10.69,10.88,10.58,8478,9063935.0,2.75,-1.93,-0.21,0.58
2023-04-21,000668,10.78,10.7,11.01,10.68,11664,12625094.0,3.09,0.09,0.01,0.8
2023-04-24,000668,10.68,10.75,10.78,10.45,13856,14722954.0,3.08,0.47,0.05,0.94
2023-04-25,000668,10.78,10.42,10.78,10.2,13710,14302627.78,5.4,-3.07,-0.33,0.93
2023-04-26,000668,10.72,11.05,11.25,10.6,20939,23013613.2,6.24,6.05,0.63,1.43
2023-04-27,000668,11.09,11.2,11.39,10.85,19543,21880901.62,4.89,1.36,0.15,1.33
2023-04-28,000668,11.19,11.08,11.2,10.92,13063,14414326.0,2.5,-1.07,-0.12,0.89
2023-05-04,000668,11.06,11.4,11.52,10.93,24268,27221027.0,5.32,2.89,0.32,1.65
2023-05-05,000668,11.37,11.25,11.38,11.05,16748,18721373.8,2.89,-1.32,-0.15,1.14
2023-05-08,000668,11.25,11.02,11.33,10.93,12629,13915488.8,3.56,-2.04,-0.23,0.86
2023-05-09,000668,11.0,10.86,11.03,10.86,12774,13940742.42,1.54,-1.45,-0.16,0.87
2023-05-10,000668,10.86,11.08,11.19,10.84,13060,14418301.52,3.22,2.03,0.22,0.89
2023-05-11,000668,11.16,11.46,11.68,11.05,25208,28839524.8,5.69,3.43,0.38,1.72
2023-05-12,000668,11.49,11.28,11.59,11.28,14065,16058156.6,2.71,-1.57,-0.18,0.96
2023-05-15,000668,11.41,11.34,11.41,11.19,6797,7660728.0,1.95,0.53,0.06,0.46
2023-05-16,000668,11.36,11.23,11.43,11.16,8825,9936215.0,2.38,-0.97,-0.11,0.6
2023-05-17,000668,11.24,11.35,11.4,11.1,7795,8809174.75,2.67,1.07,0.12,0.53
2023-05-18,000668,11.43,11.48,11.59,11.35,6958,7970161.68,2.11,1.15,0.13,0.47
2023-05-19,000668,11.43,11.5,11.54,11.33,5994,6869430.88,1.83,0.17,0.02,0.41
2023-05-22,000668,11.47,11.45,11.49,11.3,8406,9570201.68,1.65,-0.43,-0.05,0.57
2023-05-23,000668,11.43,11.52,11.62,11.4,6268,7226818.6,1.92,0.61,0.07,0.43
2023-05-24,000668,11.52,11.38,11.52,11.34,4881,5563993.0,1.56,-1.22,-0.14,0.33
2023-05-25,000668,11.33,11.14,11.33,11.0,14586,16241268.12,2.9,-2.11,-0.24,0.99
2023-05-26,000668,11.26,11.28,11.35,10.94,13033,14506917.8,3.68,1.26,0.14,0.89
2023-05-29,000668,11.35,11.68,11.79,11.28,15487,17869925.18,4.52,3.55,0.4,1.06
2023-05-30,000668,11.8,12.05,12.55,11.59,44332,54054640.7,8.22,3.17,0.37,3.02
2023-05-31,000668,11.98,11.78,12.04,11.71,16070,19022810.28,2.74,-2.24,-0.27,1.1
2023-06-01,000668,11.76,11.64,11.88,11.54,11018,12836863.28,2.89,-1.19,-0.14,0.75
2023-06-02,000668,11.8,11.77,11.93,11.67,9523,11223959.96,2.23,1.12,0.13,0.65
2023-06-05,000668,11.65,11.72,11.76,11.6,6348,7414204.0,1.36,-0.42,-0.05,0.43
2023-06-06,000668,11.72,11.46,11.82,11.46,9962,11516360.0,3.07,-2.22,-0.26,0.68
2023-06-07,000668,11.46,11.55,11.66,11.42,5817,6718849.0,2.09,0.79,0.09,0.4
2023-06-08,000668,11.65,11.63,11.77,11.51,7322,8533952.0,2.25,0.69,0.08,0.5
2023-06-09,000668,11.7,11.4,11.74,11.31,6510,7462218.0,3.7,-1.98,-0.23,0.44
2023-06-12,000668,11.36,11.51,11.59,11.05,10531,11933085.31,4.74,0.96,0.11,0.72
2023-06-13,000668,11.51,11.51,11.64,11.4,7539,8665593.0,2.09,0.0,0.0,0.51
2023-06-14,000668,11.63,11.61,11.74,11.48,10691,12431220.0,2.26,0.87,0.1,0.73
2023-06-15,000668,11.55,11.39,11.64,11.31,9845,11238510.0,2.84,-1.89,-0.22,0.67
2023-06-16,000668,11.35,11.27,11.47,11.23,6693,7589488.0,2.11,-1.05,-0.12,0.46
2023-06-19,000668,11.35,11.13,11.35,11.0,9171,10182870.0,3.11,-1.24,-0.14,0.63
2023-06-20,000668,11.14,11.01,11.14,10.91,9425,10365064.0,2.07,-1.08,-0.12,0.64
2023-06-21,000668,11.15,10.89,11.15,10.86,7545,8262177.0,2.63,-1.09,-0.12,0.51
2023-06-26,000668,10.88,10.64,10.88,10.59,7291,7803639.0,2.66,-2.3,-0.25,0.5
2023-06-27,000668,10.79,10.96,10.99,10.6,8796,9561330.0,3.67,3.01,0.32,0.6
2023-06-28,000668,11.02,11.01,11.1,10.74,9404,10278914.0,3.28,0.46,0.05,0.64
2023-06-29,000668,11.11,11.14,11.19,10.85,6233,6930075.0,3.09,1.18,0.13,0.42
2023-06-30,000668,11.18,11.6,11.68,11.13,15763,18142272.0,4.94,4.13,0.46,1.07
2023-07-03,000668,11.65,11.59,11.77,11.53,10672,12429524.69,2.07,-0.09,-0.01,0.73
2023-07-04,000668,11.71,11.64,11.71,11.52,10551,12238635.0,1.64,0.43,0.05,0.72
2023-07-05,000668,11.64,11.76,11.85,11.6,11425,13423947.0,2.15,1.03,0.12,0.78
2023-07-06,000668,11.8,11.77,11.85,11.64,8891,10432834.0,1.79,0.09,0.01,0.61
2023-07-07,000668,11.87,11.67,11.87,11.64,5172,6058270.0,1.95,-0.85,-0.1,0.35
2023-07-10,000668,11.75,11.71,11.87,11.67,6639,7808290.0,1.71,0.34,0.04,0.45
2023-07-11,000668,11.78,11.68,11.84,11.66,5417,6349664.0,1.54,-0.26,-0.03,0.37
2023-07-12,000668,11.74,11.51,11.74,11.47,5547,6445535.0,2.31,-1.46,-0.17,0.38
2023-07-13,000668,11.62,11.5,11.64,11.39,10489,12040541.0,2.17,-0.09,-0.01,0.72
2023-07-14,000668,11.54,11.32,11.54,11.17,11735,13344555.96,3.22,-1.57,-0.18,0.8
2023-07-17,000668,11.41,11.17,11.53,11.02,13442,14961039.0,4.51,-1.33,-0.15,0.92
2023-07-18,000668,11.16,11.06,11.19,10.98,11215,12414637.0,1.88,-0.98,-0.11,0.76
2023-07-19,000668,11.1,11.31,11.37,11.03,18917,21229275.0,3.07,2.26,0.25,1.29
2023-07-20,000668,11.31,11.23,11.46,11.12,10704,12118601.0,3.01,-0.71,-0.08,0.73
2023-07-21,000668,11.35,11.43,11.53,11.21,13719,15670415.46,2.85,1.78,0.2,0.94
2023-07-24,000668,11.48,11.46,11.59,11.36,14780,16951953.0,2.01,0.26,0.03,1.01
2023-07-25,000668,11.52,11.94,12.0,11.52,46934,55465235.85,4.19,4.19,0.48,3.2
2023-07-26,000668,11.94,11.94,12.55,11.7,61610,74167512.93,7.12,0.0,0.0,4.2
2023-07-27,000668,11.89,11.81,12.04,11.71,27898,33133063.2,2.76,-1.09,-0.13,1.9
2023-07-28,000668,11.81,11.81,12.08,11.73,23943,28367547.0,2.96,0.0,0.0,1.63
2023-07-31,000668,11.87,11.88,12.06,11.86,19473,23253394.5,1.69,0.59,0.07,1.33
2023-08-01,000668,11.93,11.8,12.03,11.74,22121,26217110.2,2.44,-0.67,-0.08,1.51
2023-08-02,000668,11.83,11.87,12.06,11.74,15075,17904379.0,2.71,0.59,0.07,1.03
2023-08-03,000668,11.87,11.98,12.06,11.62,18006,21347997.0,3.71,0.93,0.11,1.23
2023-08-04,000668,12.0,11.78,12.04,11.71,12965,15323783.0,2.75,-1.67,-0.2,0.88
2023-08-07,000668,11.73,11.55,11.79,11.4,16546,19079647.0,3.31,-1.95,-0.23,1.13
2023-08-08,000668,11.55,11.57,11.6,11.34,17009,19534479.0,2.25,0.17,0.02,1.16
2023-08-09,000668,11.8,11.55,11.8,11.45,10679,12369063.0,3.03,-0.17,-0.02,0.73
2023-08-10,000668,11.66,11.98,12.5,11.59,55077,66419005.75,7.88,3.72,0.43,3.75
2023-08-11,000668,12.01,12.13,12.3,12.01,48785,59296845.0,2.42,1.25,0.15,3.33
2023-08-14,000668,11.61,12.03,12.12,11.59,28748,34398684.52,4.37,-0.82,-0.1,1.96
2023-08-15,000668,12.12,12.0,12.17,11.87,22294,26733314.84,2.49,-0.25,-0.03,1.52
2023-08-16,000668,12.04,11.92,12.19,11.82,16899,20341068.07,3.08,-0.67,-0.08,1.15
2023-08-17,000668,11.88,11.94,12.03,11.75,15215,18074697.0,2.35,0.17,0.02,1.04
2023-08-18,000668,11.98,11.69,12.05,11.61,13290,15794713.0,3.69,-2.09,-0.25,0.91
2023-08-21,000668,11.7,11.66,11.88,11.55,14815,17298010.0,2.82,-0.26,-0.03,1.01
2023-08-22,000668,11.76,11.44,11.76,11.31,15879,18159322.0,3.86,-1.89,-0.22,1.08
2023-08-23,000668,11.44,11.38,11.58,11.26,12536,14321997.0,2.8,-0.52,-0.06,0.85
2023-08-24,000668,11.38,11.19,11.39,10.99,12284,13678229.0,3.51,-1.67,-0.19,0.84
2023-08-25,000668,11.3,11.03,11.3,10.96,11611,12862129.0,3.04,-1.43,-0.16,0.79
2023-08-28,000668,11.55,11.22,11.71,11.08,20225,23329605.0,5.71,1.72,0.19,1.38
2023-08-29,000668,11.49,11.85,11.87,11.3,18991,22199067.0,5.08,5.61,0.63,1.29
2023-08-30,000668,11.98,11.86,12.13,11.81,18259,21939455.0,2.7,0.08,0.01,1.24
2023-08-31,000668,11.9,11.63,11.9,11.57,17087,19974490.0,2.78,-1.94,-0.23,1.16
2023-09-01,000668,11.68,11.48,11.98,11.4,14352,16559500.0,4.99,-1.29,-0.15,0.98
2023-09-04,000668,11.48,11.56,11.76,11.48,18278,21145980.83,2.44,0.7,0.08,1.25
2023-09-05,000668,11.56,11.28,11.6,11.2,18188,20684882.59,3.46,-2.42,-0.28,1.24
2023-09-06,000668,11.32,11.37,11.42,11.2,10684,12085370.55,1.95,0.8,0.09,0.73
2023-09-07,000668,11.47,11.24,11.6,11.18,17881,20267180.25,3.69,-1.14,-0.13,1.22
2023-09-08,000668,11.12,11.3,11.32,11.12,11942,13430693.21,1.78,0.53,0.06,0.81
2023-09-11,000668,11.32,11.47,11.85,11.29,28316,32765388.0,4.96,1.5,0.17,1.93
2023-09-12,000668,11.63,11.23,11.63,11.21,17890,20231924.6,3.66,-2.09,-0.24,1.22
2023-09-13,000668,11.13,11.23,11.35,11.12,13952,15664717.0,2.05,0.0,0.0,0.95
2023-09-14,000668,11.26,11.2,11.37,11.11,13494,15176232.1,2.32,-0.27,-0.03,0.92
2023-09-15,000668,11.2,11.46,11.55,11.12,17705,20189277.02,3.84,2.32,0.26,1.21
2023-09-18,000668,11.45,11.59,11.67,11.25,12243,14136051.0,3.66,1.13,0.13,0.83
2023-09-19,000668,11.63,11.51,11.7,11.47,10155,11739400.15,1.98,-0.69,-0.08,0.69
2023-09-20,000668,11.7,11.59,11.73,11.5,15883,18478405.0,2.0,0.7,0.08,1.08
2023-09-21,000668,11.75,11.31,11.75,11.3,12486,14312977.0,3.88,-2.42,-0.28,0.85
2023-09-22,000668,11.4,11.47,11.57,11.22,13318,15110610.0,3.09,1.41,0.16,0.91
2023-09-25,000668,11.49,11.32,11.49,11.26,9921,11251703.36,2.01,-1.31,-0.15,0.68
2023-09-26,000668,11.28,11.22,11.35,11.19,8176,9191019.23,1.41,-0.88,-0.1,0.56
2023-09-27,000668,11.28,11.3,11.62,11.15,15579,17791796.0,4.19,0.71,0.08,1.06
2023-09-28,000668,11.44,11.44,11.6,11.34,16544,19034820.4,2.3,1.24,0.14,1.13
2023-10-09,000668,11.43,11.26,11.43,11.18,15909,17961428.0,2.19,-1.57,-0.18,1.08
2023-10-10,000668,11.35,11.19,11.35,11.15,9989,11202145.0,1.78,-0.62,-0.07,0.68
2023-10-11,000668,11.3,11.25,11.36,11.15,9466,10656023.0,1.88,0.54,0.06,0.65
2023-10-12,000668,11.28,11.26,11.39,11.17,8881,9988370.0,1.96,0.09,0.01,0.61
2023-10-13,000668,11.26,11.65,12.09,11.18,50519,59079518.46,8.08,3.46,0.39,3.44
2023-10-16,000668,11.62,11.32,11.62,11.15,40037,45416242.28,4.03,-2.83,-0.33,2.73
2023-10-17,000668,11.39,11.19,11.39,11.11,20445,22876797.16,2.47,-1.15,-0.13,1.39
2023-10-18,000668,11.17,10.98,11.18,10.96,18476,20361575.0,1.97,-1.88,-0.21,1.26
2023-10-19,000668,11.04,10.95,11.29,10.61,33289,36472266.23,6.19,-0.27,-0.03,2.27
2023-10-20,000668,11.03,10.91,11.09,10.86,22423,24479305.0,2.1,-0.37,-0.04,1.53
2023-10-23,000668,11.02,10.71,11.02,10.6,14144,15227306.82,3.85,-1.83,-0.2,0.96
2023-10-24,000668,10.81,11.2,11.24,10.63,22169,24489727.0,5.7,4.58,0.49,1.51
2023-10-25,000668,11.15,11.32,11.4,11.14,14330,16229537.0,2.32,1.07,0.12,0.98
2023-10-26,000668,11.31,11.1,11.31,11.01,12725,14159247.0,2.65,-1.94,-0.22,0.87
2023-10-27,000668,11.11,11.38,11.45,11.1,16531,18736962.0,3.15,2.52,0.28,1.13
2023-10-30,000668,11.43,11.39,11.58,11.22,25044,28669515.66,3.16,0.09,0.01,1.71
2023-10-31,000668,11.46,11.54,11.68,11.38,20229,23389750.0,2.63,1.32,0.15,1.38
2023-11-01,000668,11.6,11.79,11.83,11.49,22690,26603589.91,2.95,2.17,0.25,1.55
2023-11-02,000668,11.73,11.72,11.87,11.67,16642,19544937.49,1.7,-0.59,-0.07,1.13
2023-11-03,000668,11.79,11.67,11.93,11.62,17064,20090724.0,2.65,-0.43,-0.05,1.16
2023-11-06,000668,11.76,11.88,11.92,11.66,20420,24193427.9,2.23,1.8,0.21,1.39
2023-11-07,000668,11.87,11.86,11.87,11.71,14900,17574736.0,1.35,-0.17,-0.02,1.02
2023-11-08,000668,11.9,11.84,11.95,11.78,11964,14197671.0,1.43,-0.17,-0.02,0.82
2023-11-09,000668,11.87,11.8,12.0,11.74,16472,19528606.0,2.2,-0.34,-0.04,1.12
2023-11-10,000668,11.79,11.91,12.1,11.61,26007,30995120.0,4.15,0.93,0.11,1.77
2023-11-13,000668,11.99,11.95,12.17,11.85,17366,20742598.0,2.69,0.34,0.04,1.18
2023-11-14,000668,11.95,11.92,12.05,11.87,10148,12098686.0,1.51,-0.25,-0.03,0.69
2023-11-15,000668,11.97,11.89,12.01,11.85,8649,10315727.8,1.34,-0.25,-0.03,0.59
2023-11-16,000668,11.9,11.86,11.97,11.62,14372,17019218.0,2.94,-0.25,-0.03,0.98
2023-11-17,000668,11.83,11.91,11.93,11.75,14820,17565869.0,1.52,0.42,0.05,1.01
2023-11-20,000668,11.89,12.03,12.09,11.89,20017,23972332.0,1.68,1.01,0.12,1.36
2023-11-21,000668,12.01,12.07,12.2,12.01,15552,18834582.0,1.58,0.33,0.04,1.06
2023-11-22,000668,12.06,12.08,12.24,12.01,14266,17283065.0,1.91,0.08,0.01,0.97
2023-11-23,000668,12.02,12.21,12.26,11.97,22713,27616061.4,2.4,1.08,0.13,1.55
2023-11-24,000668,12.27,12.15,12.35,12.14,16138,19728357.0,1.72,-0.49,-0.06,1.1
2023-11-27,000668,12.18,12.01,12.18,11.96,17280,20819874.0,1.81,-1.15,-0.14,1.18
2023-11-28,000668,11.99,12.11,12.18,11.87,14341,17305957.0,2.58,0.83,0.1,0.98
2023-11-29,000668,12.22,11.97,12.22,11.9,16524,19779560.0,2.64,-1.16,-0.14,1.13
2023-11-30,000668,11.98,11.97,12.02,11.77,16756,19931478.0,2.09,0.0,0.0,1.14
2023-12-01,000668,11.98,12.07,12.19,11.88,15494,18694585.0,2.59,0.84,0.1,1.06
2023-12-04,000668,12.17,12.0,12.22,11.88,27829,33380962.0,2.82,-0.58,-0.07,1.9
2023-12-05,000668,12.0,11.75,12.09,11.73,16972,20149223.0,3.0,-2.08,-0.25,1.16
2023-12-06,000668,11.8,11.95,12.02,11.7,20837,24847425.0,2.72,1.7,0.2,1.42
2023-12-07,000668,11.96,11.89,12.02,11.8,13054,15516986.0,1.84,-0.5,-0.06,0.89
2023-12-08,000668,11.99,11.45,11.99,11.45,21554,25035332.0,4.54,-3.7,-0.44,1.47
2023-12-11,000668,11.43,11.72,11.75,11.31,27522,31954472.0,3.84,2.36,0.27,1.88
2023-12-12,000668,11.77,12.21,12.38,11.67,47214,56946923.6,6.06,4.18,0.49,3.22
2023-12-13,000668,12.19,12.26,12.42,12.12,42654,52278727.75,2.46,0.41,0.05,2.91
2023-12-14,000668,12.25,12.38,12.58,12.23,47648,58917757.14,2.85,0.98,0.12,3.25
2023-12-15,000668,12.39,12.32,12.5,12.23,36265,44711782.0,2.18,-0.48,-0.06,2.47
2023-12-18,000668,12.42,12.56,12.85,12.3,84910,106811602.04,4.46,1.95,0.24,5.79
2023-12-19,000668,12.57,12.46,12.65,12.33,45607,56860491.96,2.55,-0.8,-0.1,3.11
2023-12-20,000668,12.42,12.63,12.66,12.36,44957,56321441.06,2.41,1.36,0.17,3.06
2023-12-21,000668,12.46,12.62,12.7,12.32,44579,55923320.0,3.01,-0.08,-0.01,3.04
2023-12-22,000668,12.69,12.5,12.88,12.45,44836,56666167.12,3.41,-0.95,-0.12,3.06
2023-12-25,000668,12.5,12.29,12.56,12.04,51452,62961189.0,4.16,-1.68,-0.21,3.51
2023-12-26,000668,12.28,12.17,12.36,12.12,29373,35810155.88,1.95,-0.98,-0.12,2.0
2023-12-27,000668,12.23,12.3,12.47,12.09,26505,32377723.59,3.12,1.07,0.13,1.81
2023-12-28,000668,12.3,12.67,12.7,12.2,38026,47603396.71,4.07,3.01,0.37,2.59
2023-12-29,000668,12.67,12.7,12.89,12.46,45284,57650972.08,3.39,0.24,0.03,3.09
2024-01-02,000668,12.8,12.78,12.89,12.62,25700,32736087.0,2.13,0.63,0.08,1.75
2024-01-03,000668,12.76,12.7,12.88,12.69,26606,33948393.92,1.49,-0.63,-0.08,1.81
2024-01-04,000668,12.69,12.87,13.05,12.69,28934,37325260.0,2.83,1.34,0.17,1.97
2024-01-05,000668,12.99,12.71,13.0,12.57,66751,85573636.51,3.34,-1.24,-0.16,4.55
2024-01-08,000668,12.81,12.82,12.87,12.61,56291,71585485.46,2.05,0.87,0.11,3.83
2024-01-09,000668,12.81,12.85,13.07,12.73,53735,69099170.78,2.65,0.23,0.03,3.66
2024-01-10,000668,12.99,13.25,13.31,12.79,99036,128995651.19,4.05,3.11,0.4,6.74
2024-01-11,000668,13.24,12.65,13.4,12.09,165964,209467393.99,9.89,-4.53,-0.6,11.3
2024-01-12,000668,12.67,12.53,12.68,12.33,75517,94404673.0,2.77,-0.95,-0.12,5.14
2024-01-15,000668,12.38,12.52,12.63,12.34,45167,56236507.0,2.31,-0.08,-0.01,3.08
2024-01-16,000668,12.49,12.38,12.6,12.19,54081,66886337.34,3.27,-1.12,-0.14,3.68
2024-01-17,000668,12.38,12.35,12.54,12.25,37430,46305537.38,2.34,-0.24,-0.03,2.55
2024-01-18,000668,12.34,11.83,12.34,11.41,70436,82183400.0,7.53,-4.21,-0.52,4.8
2024-01-19,000668,11.82,11.18,11.83,11.0,59517,67604673.2,7.02,-5.49,-0.65,4.05
2024-01-22,000668,11.25,10.68,11.38,10.65,49665,54804710.8,6.53,-4.47,-0.5,3.38
2024-01-23,000668,10.68,10.3,10.68,10.21,51970,53900460.0,4.4,-3.56,-0.38,3.54
2024-01-24,000668,10.39,10.32,10.73,10.17,49427,51334028.14,5.44,0.19,0.02,3.37
2024-01-25,000668,10.32,10.75,10.8,10.23,45471,47884534.72,5.52,4.17,0.43,3.1
2024-01-26,000668,10.82,11.02,11.22,10.82,43964,48632709.0,3.72,2.51,0.27,2.99
2024-01-29,000668,11.02,10.17,11.06,9.95,49658,51414381.46,10.07,-7.71,-0.85,3.38
2024-01-30,000668,10.26,9.46,10.26,9.28,75398,72464050.64,9.64,-6.98,-0.71,5.13
2024-01-31,000668,9.45,8.76,9.5,8.61,70325,63169486.48,9.41,-7.4,-0.7,4.79
2024-02-01,000668,8.9,8.48,8.97,7.9,78104,66356083.0,12.21,-3.2,-0.28,5.32
2024-02-02,000668,8.5,7.63,8.73,7.63,62086,50094673.92,12.97,-10.02,-0.85,4.23
2024-02-05,000668,7.53,6.87,7.53,6.87,41346,29065653.0,8.65,-9.96,-0.76,2.82
2024-02-06,000668,6.18,6.18,6.37,6.18,52572,32663202.0,2.77,-10.04,-0.69,3.58
2024-02-07,000668,6.06,5.56,6.06,5.56,51752,28982136.0,8.09,-10.03,-0.62,3.52
2024-02-08,000668,5.15,5.66,5.84,5.0,120410,62911352.79,15.11,1.8,0.1,8.2
2024-02-19,000668,5.58,6.23,6.23,5.42,84745,49651405.99,14.31,10.07,0.57,5.77
2024-02-20,000668,6.35,6.85,6.85,6.26,42900,28183252.0,9.47,9.95,0.62,2.92
2024-02-21,000668,6.85,7.54,7.54,6.8,105856,77154855.24,10.8,10.07,0.69,7.21
2024-02-22,000668,7.8,7.85,8.17,7.46,100942,78231668.37,9.42,4.11,0.31,6.87
2024-02-23,000668,7.87,7.93,8.04,7.62,72820,56903313.1,5.35,1.02,0.08,4.96
2024-02-26,000668,7.85,8.02,8.35,7.8,71095,57437454.12,6.94,1.13,0.09,4.84
2024-02-27,000668,8.05,8.52,8.55,7.93,65501,54538264.0,7.73,6.23,0.5,4.46
2024-02-28,000668,8.67,7.68,9.0,7.67,108990,90684139.57,15.61,-9.86,-0.84,7.42
2024-02-29,000668,7.7,8.1,8.15,7.65,53780,42336359.3,6.51,5.47,0.42,3.66
2024-03-01,000668,8.19,8.09,8.22,7.89,33621,27065315.07,4.07,-0.12,-0.01,2.29
2024-03-04,000668,8.12,8.39,8.43,7.93,55148,45228727.29,6.18,3.71,0.3,3.76
2024-03-05,000668,8.39,8.19,8.39,8.05,28866,23676273.0,4.05,-2.38,-0.2,1.97
2024-03-06,000668,8.14,8.12,8.29,8.0,19889,16179130.89,3.54,-0.85,-0.07,1.35
2024-03-07,000668,8.25,7.9,8.25,7.81,30938,24882767.0,5.42,-2.71,-0.22,2.11
2024-03-08,000668,7.97,7.93,8.04,7.83,28213,22305880.0,2.66,0.38,0.03,1.92
2024-03-11,000668,8.06,8.1,8.14,7.85,29320,23604396.0,3.66,2.14,0.17,2.0
2024-03-12,000668,8.15,8.25,8.34,8.07,38044,31319846.76,3.33,1.85,0.15,2.59
2024-03-13,000668,8.25,8.37,8.44,8.1,46337,38456905.0,4.12,1.45,0.12,3.16
2024-03-14,000668,8.4,8.26,8.49,8.1,22084,18267738.0,4.66,-1.31,-0.11,1.5
2024-03-15,000668,8.26,8.55,8.67,8.17,59203,50152997.0,6.05,3.51,0.29,4.03
2024-03-18,000668,8.6,8.91,8.93,8.4,44590,39141960.6,6.2,4.21,0.36,3.04
2024-03-19,000668,8.95,8.93,9.1,8.69,34614,30768386.0,4.6,0.22,0.02,2.36
2024-03-20,000668,8.87,9.03,9.07,8.83,28467,25548706.5,2.69,1.12,0.1,1.94
2024-03-21,000668,9.05,9.15,9.2,8.91,26265,23857538.55,3.21,1.33,0.12,1.79
2024-03-22,000668,9.16,8.82,9.25,8.73,33439,29846347.0,5.68,-3.61,-0.33,2.28
2024-03-25,000668,8.85,8.56,8.9,8.51,25677,22377598.33,4.42,-2.95,-0.26,1.75
2024-03-26,000668,8.55,8.62,8.71,8.41,23567,20188466.91,3.5,0.7,0.06,1.6
2024-03-27,000668,8.64,8.86,9.43,8.54,48228,42912665.48,10.32,2.78,0.24,3.28
2024-03-28,000668,8.77,8.87,9.27,8.72,58067,51574856.02,6.21,0.11,0.01,3.95
2024-03-29,000668,8.83,8.67,8.94,8.56,39701,34463866.0,4.28,-2.25,-0.2,2.7
2024-04-01,000668,8.71,8.88,8.92,8.67,39448,34836303.22,2.88,2.42,0.21,2.69
2024-04-02,000668,8.93,8.98,9.13,8.83,34136,30684012.35,3.38,1.13,0.1,2.32
2024-04-03,000668,8.98,8.94,9.08,8.71,22977,20380150.15,4.12,-0.45,-0.04,1.56
2024-04-08,000668,8.97,8.5,9.04,8.5,33148,28619765.0,6.04,-4.92,-0.44,2.26
2024-04-09,000668,8.59,8.73,8.78,8.5,27571,23892901.0,3.29,2.71,0.23,1.88
2024-04-10,000668,8.76,8.39,8.79,8.26,27071,22851033.0,6.07,-3.89,-0.34,1.84
2024-04-11,000668,8.3,8.38,8.53,8.25,21738,18276835.0,3.34,-0.12,-0.01,1.48
2024-04-12,000668,8.35,8.19,8.49,8.14,19443,16110088.0,4.18,-2.27,-0.19,1.32
2024-04-15,000668,7.44,7.37,7.78,7.37,18005,13360694.0,5.01,-10.01,-0.82,1.23
2024-04-16,000668,6.63,6.63,6.63,6.63,4808,3187704.0,0.0,-10.04,-0.74,0.33
2024-04-17,000668,5.98,6.67,6.96,5.98,81529,53620590.48,14.78,0.6,0.04,5.55
2024-04-18,000668,6.77,6.98,7.3,6.6,62624,43542195.0,10.49,4.65,0.31,4.26
2024-04-19,000668,6.87,6.83,7.19,6.7,39152,27028697.0,7.02,-2.15,-0.15,2.67
2024-04-22,000668,6.87,6.22,6.97,6.15,57901,37057769.5,12.01,-8.93,-0.61,3.94
2024-04-23,000668,6.22,6.59,6.76,6.18,64013,41793651.0,9.32,5.95,0.37,4.36
2024-04-24,000668,6.67,6.62,6.8,6.44,50987,33472039.92,5.46,0.46,0.03,3.47
2024-04-25,000668,6.62,6.59,6.7,6.46,21102,13896292.0,3.63,-0.45,-0.03,1.44
2024-04-26,000668,6.58,6.51,6.65,6.47,24295,15864782.0,2.73,-1.21,-0.08,1.65
2024-04-29,000668,6.62,7.16,7.16,6.56,39189,27124463.0,9.22,9.98,0.65,2.67
2024-04-30,000668,7.5,7.26,7.88,7.05,103260,76530702.08,11.59,1.4,0.1,7.03
2024-05-06,000668,7.38,7.5,7.6,7.2,61636,45887898.52,5.51,3.31,0.24,4.2
2024-05-07,000668,7.68,7.79,7.82,7.58,45900,35260241.08,3.2,3.87,0.29,3.13
2024-05-08,000668,7.78,7.6,7.86,7.5,35100,26804065.02,4.62,-2.44,-0.19,2.39
2024-05-09,000668,7.77,7.79,7.93,7.62,31280,24303270.07,4.08,2.5,0.19,2.13
2024-05-10,000668,7.91,7.77,7.91,7.42,35788,27442155.85,6.29,-0.26,-0.02,2.44
2024-05-13,000668,7.72,7.64,7.96,7.43,36012,27736643.19,6.82,-1.67,-0.13,2.45
2024-05-14,000668,7.7,7.77,7.88,7.6,43301,33410052.84,3.66,1.7,0.13,2.95
2024-05-15,000668,7.8,7.84,7.98,7.68,48010,37599371.55,3.86,0.9,0.07,3.27
2024-05-16,000668,7.74,7.97,8.13,7.74,56808,45349338.4,4.97,1.66,0.13,3.87
2024-05-17,000668,8.11,8.28,8.28,7.87,69609,56413928.24,5.14,3.89,0.31,4.74
2024-05-20,000668,8.22,7.59,8.22,7.49,112008,86204622.21,8.82,-8.33,-0.69,7.63
2024-05-21,000668,7.5,7.56,7.63,7.27,59119,44066647.51,4.74,-0.4,-0.03,4.03
2024-05-22,000668,7.56,7.62,7.74,7.52,47176,35998977.6,2.91,0.79,0.06,3.21
2024-05-23,000668,7.63,7.39,7.7,7.24,35733,26792057.0,6.04,-3.02,-0.23,2.43
2024-05-24,000668,7.44,7.22,7.47,7.22,25277,18530416.66,3.38,-2.3,-0.17,1.72
2024-05-27,000668,7.4,7.23,7.41,7.08,21568,15472418.0,4.57,0.14,0.01,1.47
2024-05-28,000668,7.39,7.08,7.4,7.02,21210,15118995.0,5.26,-2.07,-0.15,1.44
2024-05-29,000668,7.07,7.16,7.25,7.01,22441,16032997.0,3.39,1.13,0.08,1.53
2024-05-30,000668,7.11,6.95,7.14,6.85,27964,19479293.0,4.05,-2.93,-0.21,1.9
2024-05-31,000668,6.93,6.84,6.98,6.82,18168,12498304.0,2.3,-1.58,-0.11,1.24
2024-06-03,000668,6.91,6.58,6.94,6.34,34504,22572980.0,8.77,-3.8,-0.26,2.35
2024-06-04,000668,6.51,6.28,6.56,6.18,37954,23926379.0,5.78,-4.56,-0.3,2.58
2024-06-05,000668,6.18,6.0,6.3,5.92,36497,22269759.0,6.05,-4.46,-0.28,2.49
2024-06-06,000668,6.02,5.72,6.1,5.41,51312,28892007.16,11.5,-4.67,-0.28,3.49
2024-06-07,000668,5.87,6.29,6.29,5.83,52238,32315325.0,8.04,9.97,0.57,3.56
2024-06-11,000668,6.29,6.17,6.33,6.0,53545,32901291.0,5.25,-1.91,-0.12,3.65
2024-06-12,000668,6.21,6.47,6.66,6.18,40056,25870614.8,7.78,4.86,0.3,2.73
2024-06-13,000668,6.42,6.39,6.57,6.26,36454,23396524.79,4.79,-1.24,-0.08,2.48
2024-06-14,000668,6.45,6.26,6.49,6.22,24519,15511113.0,4.23,-2.03,-0.13,1.67
2024-06-17,000668,6.27,6.22,6.33,6.1,23617,14626694.0,3.67,-0.64,-0.04,1.61
2024-06-18,000668,6.21,6.23,6.29,6.1,15300,9502286.4,3.05,0.16,0.01,1.04
2024-06-19,000668,6.26,6.33,6.36,6.07,23480,14619554.0,4.65,1.61,0.1,1.6
2024-06-20,000668,6.33,6.07,6.33,6.04,20575,12590132.0,4.58,-4.11,-0.26,1.4
2024-06-21,000668,6.08,6.0,6.15,5.81,25891,15336589.0,5.6,-1.15,-0.07,1.76
2024-06-24,000668,5.86,5.68,5.86,5.41,26581,14854521.83,7.5,-5.33,-0.32,1.81
2024-06-25,000668,5.64,5.92,6.19,5.63,34733,20570794.0,9.86,4.23,0.24,2.37
2024-06-26,000668,5.87,6.09,6.16,5.46,50348,29029967.3,11.82,2.87,0.17,3.43
2024-06-27,000668,6.06,6.28,6.35,5.8,62949,38682877.0,9.03,3.12,0.19,4.29
2024-06-28,000668,6.2,6.1,6.35,6.08,36023,22203795.38,4.3,-2.87,-0.18,2.45
2024-07-01,000668,6.25,6.26,6.29,5.98,26791,16560872.4,5.08,2.62,0.16,1.82
2024-07-02,000668,6.25,6.89,6.89,6.21,60673,40793143.92,10.86,10.06,0.63,4.13
2024-07-03,000668,7.45,7.12,7.58,7.03,219166,162090335.19,7.98,3.34,0.23,14.93
2024-07-04,000668,6.47,6.41,6.68,6.41,56276,36306228.0,3.79,-9.97,-0.71,3.83
2024-07-05,000668,5.97,6.11,6.4,5.77,152102,91725724.26,9.83,-4.68,-0.3,10.36
2024-07-08,000668,6.11,5.97,6.52,5.92,94811,58384040.2,9.82,-2.29,-0.14,6.46
2024-07-09,000668,5.96,5.91,6.1,5.8,66861,39736463.0,5.03,-1.01,-0.06,4.55
2024-07-10,000668,5.89,5.72,5.96,5.6,41367,23967336.0,6.09,-3.21,-0.19,2.82
2024-07-11,000668,5.81,5.92,5.98,5.7,35676,20989811.0,4.9,3.5,0.2,2.43
2024-07-12,000668,6.0,5.92,6.45,5.91,67543,41344308.15,9.12,0.0,0.0,4.6
2024-07-15,000668,5.85,5.62,5.9,5.6,51681,29412772.0,5.07,-5.07,-0.3,3.52
2024-07-16,000668,5.65,5.67,5.7,5.59,24938,14055930.0,1.96,0.89,0.05,1.7
2024-07-17,000668,5.66,5.59,5.75,5.57,22377,12630616.0,3.17,-1.41,-0.08,1.52
2024-07-18,000668,5.6,5.65,5.67,5.41,27264,15072053.0,4.65,1.07,0.06,1.86
2024-07-19,000668,5.66,5.72,5.74,5.53,17848,10095595.0,3.72,1.24,0.07,1.22
2024-07-22,000668,5.7,5.81,5.83,5.64,15201,8749515.76,3.32,1.57,0.09,1.04
2024-07-23,000668,5.82,5.8,5.93,5.74,17441,10195095.72,3.27,-0.17,-0.01,1.19
2024-07-24,000668,5.79,5.76,5.8,5.65,20759,11884636.56,2.59,-0.69,-0.04,1.41
2024-07-25,000668,5.71,5.85,6.14,5.61,31663,18738462.0,9.2,1.56,0.09,2.16
2024-07-26,000668,5.89,5.91,5.99,5.84,17817,10529948.0,2.56,1.03,0.06,1.21
2024-07-29,000668,5.94,6.14,6.18,5.85,28649,17361947.94,5.58,3.89,0.23,1.95
2024-07-30,000668,6.14,6.3,6.33,6.05,25192,15664239.19,4.56,2.61,0.16,1.72
2024-07-31,000668,6.3,6.29,6.38,6.2,35452,22216508.2,2.86,-0.16,-0.01,2.41
2024-08-01,000668,6.29,6.39,6.45,6.25,21842,13826327.97,3.18,1.59,0.1,1.49
2024-08-02,000668,6.36,6.24,6.44,6.2,18248,11486467.0,3.76,-2.35,-0.15,1.24
2024-08-05,000668,6.24,6.15,6.36,6.06,23109,14318380.0,4.81,-1.44,-0.09,1.57
2024-08-06,000668,6.27,6.36,6.42,6.11,25236,15914143.0,5.04,3.41,0.21,1.72
2024-08-07,000668,6.41,6.45,6.5,6.27,22009,14057299.0,3.62,1.42,0.09,1.5
2024-08-08,000668,6.48,6.49,6.58,6.31,19733,12760591.0,4.19,0.62,0.04,1.34
2024-08-09,000668,6.54,6.56,6.85,6.51,38028,25229480.0,5.24,1.08,0.07,2.59
2024-08-12,000668,6.52,6.32,6.56,6.25,24034,15295114.0,4.73,-3.66,-0.24,1.64
2024-08-13,000668,6.37,6.37,6.49,6.21,13452,8507284.0,4.43,0.79,0.05,0.92
2024-08-14,000668,6.38,6.38,6.45,6.33,13289,8474217.0,1.88,0.16,0.01,0.9
2024-08-15,000668,6.39,6.51,6.55,6.27,13239,8530775.0,4.39,2.04,0.13,0.9
2024-08-16,000668,6.55,6.39,6.56,6.37,10729,6897529.0,2.92,-1.84,-0.12,0.73
2024-08-19,000668,6.38,6.28,6.45,6.22,14705,9252389.0,3.6,-1.72,-0.11,1.0
2024-08-20,000668,6.27,6.15,6.33,6.09,14339,8849891.0,3.82,-2.07,-0.13,0.98
2024-08-21,000668,6.18,6.26,6.3,6.01,15779,9810008.0,4.72,1.79,0.11,1.07
2024-08-22,000668,6.34,6.19,6.35,6.1,11583,7191192.0,3.99,-1.12,-0.07,0.79
2024-08-23,000668,6.13,5.89,6.15,5.85,18348,10948746.0,4.85,-4.85,-0.3,1.25
2024-08-26,000668,6.1,6.05,6.22,5.85,18578,11255368.0,6.28,2.72,0.16,1.27
2024-08-27,000668,6.05,5.92,6.17,5.89,12443,7429292.03,4.63,-2.15,-0.13,0.85
2024-08-28,000668,5.93,5.95,6.13,5.79,18136,10858973.0,5.74,0.51,0.03,1.24
2024-08-29,000668,5.95,6.03,6.08,5.85,12871,7673432.95,3.87,1.34,0.08,0.88
2024-08-30,000668,6.27,6.22,6.35,6.0,17241,10689888.0,5.8,3.15,0.19,1.17
2024-09-02,000668,6.35,6.11,6.38,6.09,17003,10565693.21,4.66,-1.77,-0.11,1.16
2024-09-03,000668,6.1,6.1,6.22,6.04,10621,6501281.0,2.95,-0.16,-0.01,0.72
2024-09-04,000668,6.11,5.96,6.18,5.94,17452,10505587.0,3.93,-2.3,-0.14,1.19
2024-09-05,000668,5.96,6.18,6.19,5.96,20582,12584413.0,3.86,3.69,0.22,1.4
2024-09-06,000668,6.21,6.08,6.24,6.02,20323,12415301.0,3.56,-1.62,-0.1,1.38
2024-09-09,000668,6.08,6.23,6.35,5.96,42358,26286511.2,6.41,2.47,0.15,2.88
2024-09-10,000668,6.23,6.27,6.31,6.1,25939,16101927.0,3.37,0.64,0.04,1.77
2024-09-11,000668,6.22,6.9,6.9,6.19,128522,86575415.88,11.32,10.05,0.63,8.75
2024-09-12,000668,6.58,6.6,7.15,6.47,189386,125321663.92,9.86,-4.35,-0.3,12.9
2024-09-13,000668,6.51,6.59,6.7,6.39,115513,75464632.45,4.7,-0.15,-0.01,7.87
2024-09-18,000668,6.59,6.5,6.59,6.31,78834,50871878.31,4.25,-1.37,-0.09,5.37
2024-09-19,000668,6.5,6.64,6.68,6.39,94305,61913129.48,4.46,2.15,0.14,6.42
2024-09-20,000668,6.54,6.66,6.75,6.43,93010,61447628.0,4.82,0.3,0.02,6.33
2024-09-23,000668,6.65,6.44,6.65,6.41,75291,48861736.52,3.6,-3.3,-0.22,5.13
2024-09-24,000668,6.55,6.59,6.6,6.33,75839,49260581.5,4.19,2.33,0.15,5.16
2024-09-25,000668,6.64,6.79,7.1,6.61,91602,62185982.52,7.44,3.03,0.2,6.24
2024-09-26,000668,6.69,7.07,7.15,6.66,115799,80975705.46,7.22,4.12,0.28,7.89
2024-09-27,000668,7.26,7.31,7.45,7.09,106399,76850261.0,5.09,3.39,0.24,7.25
2024-09-30,000668,7.86,7.83,7.97,7.08,148338,113248935.71,12.18,7.11,0.52,10.1
2024-10-08,000668,8.55,8.11,8.55,7.5,169202,135429144.71,13.41,3.58,0.28,11.52
2024-10-09,000668,7.87,7.45,7.9,7.3,86495,65496103.57,7.4,-8.14,-0.66,5.89
2024-10-10,000668,7.49,8.2,8.2,7.21,184218,148303004.2,13.29,10.07,0.75,12.55
2024-10-11,000668,7.9,7.38,7.93,7.38,135380,103881242.0,6.71,-10.0,-0.82,9.22
2024-10-14,000668,7.55,7.46,7.71,7.21,81802,60843694.42,6.78,1.08,0.08,5.57
2024-10-15,000668,7.45,7.37,7.6,7.3,60611,45189372.4,4.02,-1.21,-0.09,4.13
2024-10-16,000668,7.31,7.58,8.06,7.31,86508,65620562.0,10.18,2.85,0.21,5.89
2024-10-17,000668,7.59,7.3,7.75,7.29,69359,51546270.0,6.07,-3.69,-0.28,4.72
2024-10-18,000668,7.22,7.31,7.41,7.08,64949,47040878.6,4.52,0.14,0.01,4.42
2024-10-21,000668,7.32,7.38,7.4,7.22,44100,32334376.0,2.46,0.96,0.07,3.0
2024-10-22,000668,7.38,7.56,7.79,7.31,53746,40565901.36,6.5,2.44,0.18,3.66
2024-10-23,000668,7.56,7.76,7.82,7.45,59741,45941670.65,4.89,2.65,0.2,4.07
2024-10-24,000668,7.7,7.8,7.84,7.61,48638,37573737.0,2.96,0.52,0.04,3.31
2024-10-25,000668,7.88,8.06,8.2,7.88,60640,48789624.8,4.1,3.33,0.26,4.13
2024-10-28,000668,8.18,8.31,8.35,8.11,67331,55580137.0,2.98,3.1,0.25,4.59
2024-10-29,000668,8.28,9.14,9.14,8.24,239246,213080939.72,10.83,9.99,0.83,16.29
2024-10-30,000668,9.31,8.7,9.7,8.51,291121,258150902.44,13.02,-4.81,-0.44,19.83
2024-10-31,000668,8.62,8.53,8.75,8.16,175018,146643498.05,6.78,-1.95,-0.17,11.92
2024-11-01,000668,8.41,8.44,9.26,8.38,158468,137230474.5,10.32,-1.06,-0.09,10.79
2024-11-04,000668,8.29,8.81,9.03,8.01,153928,133721948.4,12.09,4.38,0.37,10.48
2024-11-05,000668,8.81,9.69,9.69,8.81,68675,65053165.22,9.99,9.99,0.88,4.68
2024-11-06,000668,9.69,10.23,10.44,9.53,184095,187148596.87,9.39,5.57,0.54,12.54
2024-11-07,000668,10.83,9.84,10.83,9.73,163357,163305012.12,10.75,-3.81,-0.39,11.12
2024-11-08,000668,9.98,9.42,10.05,9.28,112328,108053088.0,7.83,-4.27,-0.42,7.65
2024-11-11,000668,9.5,10.15,10.2,9.2,104293,102321348.52,10.62,7.75,0.73,7.1
2024-11-12,000668,10.25,9.8,10.4,9.67,71493,71731211.42,7.19,-3.45,-0.35,4.87
2024-11-13,000668,9.88,9.97,9.98,9.5,43531,42615188.2,4.9,1.73,0.17,2.96
2024-11-14,000668,10.11,9.7,10.32,9.65,38527,38085497.75,6.72,-2.71,-0.27,2.62
2024-11-15,000668,9.62,9.16,9.73,9.11,37111,34756373.0,6.39,-5.57,-0.54,2.53
2024-11-18,000668,9.34,8.76,9.34,8.66,45886,40794810.4,7.42,-4.37,-0.4,3.12
2024-11-19,000668,8.74,8.76,8.84,8.32,56469,48370118.54,5.94,0.0,0.0,3.85
2024-11-20,000668,8.7,8.94,8.94,8.49,40778,35992693.54,5.14,2.05,0.18,2.78
2024-11-21,000668,8.93,8.89,9.06,8.77,32203,28653026.1,3.24,-0.56,-0.05,2.19
2024-11-22,000668,9.0,8.43,9.0,8.41,32857,28655061.0,6.64,-5.17,-0.46,2.24
2024-11-25,000668,8.6,8.83,8.99,8.5,42479,37029161.79,5.81,4.74,0.4,2.89
2024-11-26,000668,8.8,8.77,8.97,8.72,26221,23168325.0,2.83,-0.68,-0.06,1.79
2024-11-27,000668,8.73,8.84,8.84,8.37,31756,27185127.0,5.36,0.8,0.07,2.16
2024-11-28,000668,8.8,9.0,9.15,8.8,33929,30510865.58,3.96,1.81,0.16,2.31
2024-11-29,000668,9.02,9.13,9.25,8.82,33518,30375025.58,4.78,1.44,0.13,2.28
2024-12-02,000668,9.18,9.32,9.38,9.1,32294,29914710.02,3.07,2.08,0.19,2.2
2024-12-03,000668,9.32,9.23,9.56,9.13,38532,35797562.27,4.61,-0.97,-0.09,2.62
2024-12-04,000668,9.24,9.38,9.7,9.13,78446,73783505.38,6.18,1.63,0.15,5.34
2024-12-05,000668,9.31,9.35,9.65,9.02,58451,55044969.4,6.72,-0.32,-0.03,3.98
2024-12-06,000668,9.35,9.24,9.43,9.08,41168,38074069.15,3.74,-1.18,-0.11,2.8
2024-12-09,000668,9.24,9.07,9.4,8.93,38641,35156098.19,5.09,-1.84,-0.17,2.63
2024-12-10,000668,9.5,9.18,9.5,9.1,57343,53237774.3,4.41,1.21,0.11,3.91
2024-12-11,000668,9.16,9.42,9.6,9.14,41344,38849110.36,5.01,2.61,0.24,2.82
2024-12-12,000668,9.59,9.82,9.85,9.33,54762,52944133.3,5.52,4.25,0.4,3.73
2024-12-13,000668,9.82,9.39,9.88,9.37,34895,33403083.28,5.19,-4.38,-0.43,2.38
2024-12-16,000668,9.4,9.49,9.72,9.32,36158,34317975.4,4.26,1.06,0.1,2.46
2024-12-17,000668,9.5,8.74,9.59,8.7,48569,43620643.04,9.38,-7.9,-0.75,3.31
2024-12-18,000668,8.72,8.67,8.91,8.38,38524,33406336.74,6.06,-0.8,-0.07,2.62
2024-12-19,000668,8.64,8.51,8.66,8.38,31282,26622941.5,3.23,-1.85,-0.16,2.13
2024-12-20,000668,8.51,8.51,8.6,8.44,31712,26981658.4,1.88,0.0,0.0,2.16
2024-12-23,000668,8.27,7.66,8.3,7.66,81310,63334519.98,7.52,-9.99,-0.85,5.54
2024-12-24,000668,7.36,7.15,7.54,6.94,89254,64175748.98,7.83,-6.66,-0.51,6.08
2024-12-25,000668,7.13,6.86,7.19,6.71,55587,38128854.89,6.71,-4.06,-0.29,3.79
2024-12-26,000668,6.86,6.79,7.04,6.71,57166,39225798.0,4.81,-1.02,-0.07,3.89
2024-12-27,000668,6.85,6.95,7.06,6.79,42881,29871591.76,3.98,2.36,0.16,2.92
2024-12-30,000668,6.98,6.63,6.98,6.48,55986,37087212.64,7.19,-4.6,-0.32,3.81
2024-12-31,000668,6.7,6.43,6.84,6.42,58972,38666826.0,6.33,-3.02,-0.2,4.02
2025-01-02,000668,6.47,6.43,6.65,6.23,66796,43147796.58,6.53,0.0,0.0,4.55
2025-01-03,000668,6.43,6.07,6.48,5.98,60716,37369669.0,7.78,-5.6,-0.36,4.13
2025-01-06,000668,6.02,5.92,6.04,5.73,58603,34425651.0,5.11,-2.47,-0.15,3.99
2025-01-07,000668,5.97,6.51,6.51,5.97,43168,27203605.18,9.12,9.97,0.59,2.94
2025-01-08,000668,6.7,6.72,7.04,6.37,147148,100079160.14,10.29,3.23,0.21,10.02
2025-01-09,000668,6.82,7.39,7.39,6.65,111999,80410416.62,11.01,9.97,0.67,7.63
2025-01-10,000668,7.38,7.08,7.71,7.04,108360,78511545.98,9.07,-4.19,-0.31,7.38
2025-01-13,000668,7.18,7.02,7.2,6.74,61219,42689134.46,6.5,-0.85,-0.06,4.17
2025-01-14,000668,7.18,7.25,7.3,7.06,61968,44625427.0,3.42,3.28,0.23,4.22
2025-01-15,000668,7.35,7.12,7.38,7.1,46764,33722222.0,3.86,-1.79,-0.13,3.18
2025-01-16,000668,7.35,7.1,7.4,7.03,49702,35804328.25,5.2,-0.28,-0.02,3.38
2025-01-17,000668,7.16,6.94,7.16,6.85,57792,40076563.0,4.37,-2.25,-0.16,3.94
2025-01-20,000668,6.95,6.72,7.07,6.65,59102,40041183.0,6.05,-3.17,-0.22,4.02
2025-01-21,000668,6.98,6.56,6.99,6.45,51665,34304165.28,8.04,-2.38,-0.16,3.52
2025-01-22,000668,6.56,6.85,6.86,6.32,65666,43485764.0,8.23,4.42,0.29,4.47
2025-01-23,000668,6.86,6.17,6.99,6.17,110151,71069094.97,11.97,-9.93,-0.68,7.5
2025-01-24,000668,6.01,5.55,6.17,5.55,187933,107693014.32,10.05,-10.05,-0.62,12.8
2025-01-27,000668,5.29,6.11,6.11,5.29,156260,89923901.12,14.77,10.09,0.56,10.64
2025-02-05,000668,6.32,5.89,6.38,5.85,165335,99509854.76,8.67,-3.6,-0.22,11.26
2025-02-06,000668,6.04,5.91,6.08,5.8,84469,50049619.72,4.75,0.34,0.02,5.75
2025-02-07,000668,5.94,5.95,6.1,5.89,84113,50575184.13,3.55,0.68,0.04,5.73
2025-02-10,000668,6.05,6.35,6.35,6.03,98482,60798198.45,5.38,6.72,0.4,6.71
2025-02-11,000668,6.39,6.14,6.43,6.08,75654,46669122.0,5.51,-3.31,-0.21,5.15
2025-02-12,000668,6.22,6.06,6.25,5.99,66986,40610071.0,4.23,-1.3,-0.08,4.56
2025-02-13,000668,6.09,5.93,6.12,5.91,66216,39760775.0,3.47,-2.15,-0.13,4.51
2025-02-14,000668,5.93,5.78,5.95,5.74,52862,30722614.0,3.54,-2.53,-0.15,3.6
2025-02-17,000668,5.83,5.95,6.09,5.79,84020,49841569.0,5.19,2.94,0.17,5.72
2025-02-18,000668,6.0,5.81,6.05,5.78,58094,34088715.0,4.54,-2.35,-0.14,3.96
2025-02-19,000668,5.8,5.89,5.96,5.78,45131,26513866.24,3.1,1.38,0.08,3.07
2025-02-20,000668,5.9,5.9,5.95,5.83,29287,17219308.0,2.04,0.17,0.01,1.99
2025-02-21,000668,5.92,5.78,5.94,5.71,55431,31978238.25,3.9,-2.03,-0.12,3.77
2025-02-24,000668,5.77,5.92,6.06,5.66,79864,46598939.56,6.92,2.42,0.14,5.44
2025-02-25,000668,5.9,5.9,6.02,5.82,44845,26576658.96,3.38,-0.34,-0.02,3.05
2025-02-26,000668,5.92,5.99,6.02,5.89,40474,24096537.93,2.2,1.53,0.09,2.76
2025-02-27,000668,5.97,6.01,6.08,5.86,44782,26702014.94,3.67,0.33,0.02,3.05
2025-02-28,000668,6.01,5.85,6.02,5.83,39559,23381846.04,3.16,-2.66,-0.16,2.69
2025-03-03,000668,5.85,5.78,5.99,5.77,51244,30088264.0,3.76,-1.2,-0.07,3.49
2025-03-04,000668,5.78,5.72,5.78,5.6,42207,24027337.0,3.11,-1.04,-0.06,2.87
2025-03-05,000668,5.7,5.65,5.72,5.54,44556,24927968.0,3.15,-1.22,-0.07,3.03
2025-03-06,000668,5.65,5.68,5.71,5.55,39080,22059348.0,2.83,0.53,0.03,2.66
2025-03-07,000668,5.67,5.6,5.68,5.56,40314,22558772.38,2.11,-1.41,-0.08,2.75
2025-03-10,000668,5.61,6.16,6.16,5.59,132679,78462870.55,10.18,10.0,0.56,9.04
2025-03-11,000668,6.11,5.91,6.13,5.8,104876,62304980.8,5.36,-4.06,-0.25,7.14
2025-03-12,000668,5.97,5.88,6.03,5.84,90872,53842363.0,3.21,-0.51,-0.03,6.19
2025-03-13,000668,5.86,5.75,5.88,5.68,69746,40115273.0,3.4,-2.21,-0.13,4.75
2025-03-14,000668,5.82,5.92,5.99,5.73,86359,50699034.0,4.52,2.96,0.17,5.88
2025-03-17,000668,5.85,6.1,6.25,5.85,126788,76570599.9,6.76,3.04,0.18,8.63
2025-03-18,000668,6.14,5.96,6.19,5.95,71543,43061752.76,3.93,-2.3,-0.14,4.87
2025-03-19,000668,5.99,5.93,6.0,5.88,47724,28319425.0,2.01,-0.5,-0.03,3.25
2025-03-20,000668,5.94,5.98,6.08,5.94,51626,30962696.8,2.36,0.84,0.05,3.52
2025-03-21,000668,5.94,5.8,5.96,5.78,43052,25264810.0,3.01,-3.01,-0.18,2.93
2025-03-24,000668,5.83,5.47,5.85,5.33,85873,47605924.0,8.97,-5.69,-0.33,5.85
2025-03-25,000668,5.41,5.26,5.47,5.17,68892,36421639.68,5.48,-3.84,-0.21,4.69
2025-03-26,000668,5.25,5.39,5.45,5.21,48997,26358592.0,4.56,2.47,0.13,3.34
2025-03-27,000668,5.43,5.22,5.43,5.18,48119,25223927.0,4.64,-3.15,-0.17,3.28
2025-03-28,000668,5.19,5.09,5.22,5.09,39945,20539261.0,2.49,-2.49,-0.13,2.72
2025-03-31,000668,5.09,4.99,5.11,4.91,43512,21687782.0,3.93,-1.96,-0.1,2.96
2025-04-01,000668,5.01,5.12,5.25,5.01,42225,21699008.19,4.81,2.61,0.13,2.88
2025-04-02,000668,5.13,5.15,5.21,5.05,25413,13035513.0,3.13,0.59,0.03,1.73
2025-04-03,000668,5.08,5.13,5.19,5.05,27457,14033038.0,2.72,-0.39,-0.02,1.87
2025-04-07,000668,4.86,4.62,4.96,4.62,38523,17976216.28,6.63,-9.94,-0.51,2.62
2025-04-08,000668,4.63,4.5,4.75,4.4,52423,23936578.14,7.58,-2.6,-0.12,3.57
2025-04-09,000668,4.39,4.52,4.57,4.09,55734,24221067.0,10.67,0.44,0.02,3.8
2025-04-10,000668,4.58,4.65,4.72,4.56,43318,20149523.3,3.54,2.88,0.13,2.95
2025-04-11,000668,4.61,4.64,4.7,4.55,29078,13507568.0,3.23,-0.22,-0.01,1.98
2025-04-14,000668,4.7,5.1,5.1,4.7,88545,44329662.42,8.62,9.91,0.46,6.03
2025-04-15,000668,5.05,4.89,5.05,4.83,77342,37977228.8,4.31,-4.12,-0.21,5.27
2025-04-16,000668,4.88,5.38,5.38,4.82,163445,86088528.78,11.45,10.02,0.49,11.13
2025-04-17,000668,5.32,5.92,5.92,5.19,176869,101046508.7,13.57,10.04,0.54,12.04
2025-04-18,000668,5.92,6.12,6.51,5.71,239354,147394313.8,13.51,3.38,0.2,16.3
2025-04-21,000668,5.51,5.51,5.51,5.51,37375,20593625.0,0.0,-9.97,-0.61,2.55
2025-04-22,000668,4.96,4.96,4.96,4.96,22489,11154544.0,0.0,-9.98,-0.55,1.53
2025-04-23,000668,4.72,5.16,5.38,4.72,183655,91822450.89,13.31,4.03,0.2,12.51
2025-04-24,000668,4.99,4.85,5.04,4.68,151171,72804695.7,6.98,-6.01,-0.31,10.29
2025-04-25,000668,4.81,4.82,4.95,4.71,92054,44412941.8,4.95,-0.62,-0.03,6.27
2025-04-28,000668,4.62,4.65,4.83,4.4,86633,39984489.89,8.92,-3.53,-0.17,5.9
2025-04-30,000668,4.65,4.88,4.88,4.6,139502,66650526.54,6.02,4.95,0.23,9.5
2025-05-06,000668,4.88,5.12,5.12,4.85,50238,25155376.2,5.53,4.92,0.24,3.42
2025-05-07,000668,5.14,5.38,5.38,5.08,74541,39013808.28,5.86,5.08,0.26,5.08
2025-05-08,000668,5.5,5.65,5.65,5.41,51478,28630382.61,4.46,5.02,0.27,3.51
2025-05-09,000668,5.71,5.6,5.84,5.57,91205,51962202.47,4.78,-0.88,-0.05,6.21
2025-05-12,000668,5.68,5.69,5.86,5.52,65151,37055706.0,6.07,1.61,0.09,4.44
2025-05-13,000668,5.75,5.55,5.87,5.52,61601,35011875.61,6.15,-2.46,-0.14,4.2
2025-05-14,000668,5.56,5.83,5.83,5.56,41446,23709023.8,4.86,5.05,0.28,2.82
2025-05-15,000668,6.02,6.08,6.12,6.02,67451,41118987.88,1.72,4.29,0.25,4.59
2025-05-16,000668,6.07,6.38,6.38,5.86,79149,48741851.76,8.55,4.93,0.3,5.39
2025-05-19,000668,6.49,6.7,6.7,6.46,48602,32270559.09,3.76,5.02,0.32,3.31
2025-05-20,000668,6.86,6.76,7.03,6.69,91101,62397598.0,5.07,0.9,0.06,6.2
2025-05-21,000668,6.85,7.1,7.1,6.75,40618,28266605.0,5.18,5.03,0.34,2.77
2025-05-22,000668,7.24,6.96,7.35,6.84,82185,58116397.0,7.18,-1.97,-0.14,5.6
2025-05-23,000668,6.88,6.77,7.19,6.76,64526,44912474.9,6.18,-2.73,-0.19,4.39
2025-05-26,000668,6.81,7.1,7.11,6.77,50700,35228519.1,5.02,4.87,0.33,3.45
2025-05-27,000668,7.09,7.29,7.36,7.03,40939,29343933.64,4.65,2.68,0.19,2.79
2025-05-28,000668,7.6,7.65,7.65,7.4,60903,46173063.56,3.43,4.94,0.36,4.15
2025-05-29,000668,7.66,7.63,7.98,7.53,68459,53207222.8,5.88,-0.26,-0.02,4.66
2025-05-30,000668,7.57,7.94,8.01,7.57,60936,48123907.97,5.77,4.06,0.31,4.15
2025-06-03,000668,7.97,7.6,8.01,7.6,64778,50518291.45,5.16,-4.28,-0.34,4.41
2025-06-04,000668,7.55,7.98,7.98,7.55,49441,39004062.54,5.66,5.0,0.38,3.37
2025-06-05,000668,8.1,8.29,8.38,7.98,70740,58155068.62,5.01,3.88,0.31,4.82
2025-06-06,000668,8.27,8.33,8.47,8.08,40784,33631143.15,4.7,0.48,0.04,2.78
2025-06-09,000668,8.33,8.15,8.4,8.12,35675,29297763.0,3.36,-2.16,-0.18,2.43
2025-06-10,000668,8.17,8.21,8.3,7.95,32372,26266753.19,4.29,0.74,0.06,2.2
2025-06-11,000668,8.25,8.07,8.29,8.06,28302,23103280.32,2.8,-1.71,-0.14,1.93
2025-06-12,000668,8.15,8.1,8.36,8.02,31901,26125858.59,4.21,0.37,0.03,2.17
2025-06-13,000668,8.05,7.79,8.07,7.71,40899,32028843.31,4.44,-3.83,-0.31,2.79
2025-06-16,000668,7.79,7.89,7.95,7.79,21142,16618547.0,2.05,1.28,0.1,1.44
2025-06-17,000668,7.96,8.19,8.28,7.96,62714,51616796.5,4.06,3.8,0.3,4.27
2025-06-18,000668,8.13,8.6,8.6,7.9,51179,42061945.6,8.55,5.01,0.41,3.49
2025-06-19,000668,8.8,8.39,8.9,8.39,49757,43238111.9,5.93,-2.44,-0.21,3.39
2025-06-20,000668,8.31,8.17,8.63,8.17,38703,32506189.05,5.48,-2.62,-0.22,2.64
2025-06-23,000668,8.08,8.26,8.39,7.93,36468,29843227.0,5.63,1.1,0.09,2.48
2025-06-24,000668,8.26,8.35,8.45,8.2,30997,25849385.0,3.03,1.09,0.09,2.11
2025-06-25,000668,8.36,8.29,8.38,8.2,20933,17358862.0,2.16,-0.72,-0.06,1.43
2025-06-26,000668,8.21,8.21,8.35,8.14,20895,17173289.0,2.53,-0.97,-0.08,1.42
2025-06-27,000668,8.24,8.4,8.47,8.2,24459,20357918.0,3.29,2.31,0.19,1.67
2025-06-30,000668,8.5,8.45,8.6,8.37,22112,18697041.0,2.74,0.6,0.05,1.51
2025-07-01,000668,8.45,8.38,8.47,8.33,26197,21984436.4,1.66,-0.83,-0.07,1.78
2025-07-02,000668,8.34,8.17,8.42,8.02,28536,23402166.8,4.77,-2.51,-0.21,1.94
2025-07-03,000668,8.29,8.23,8.29,8.13,16558,13595114.8,1.96,0.73,0.06,1.13
2025-07-04,000668,8.23,7.97,8.23,7.96,24337,19633418.0,3.28,-3.16,-0.26,1.66
2025-07-07,000668,7.97,8.02,8.09,7.8,28093,22280562.0,3.64,0.63,0.05,1.91
2025-07-08,000668,8.02,7.97,8.08,7.94,11141,8921059.0,1.75,-0.62,-0.05,0.76
2025-07-09,000668,7.94,7.94,8.0,7.9,10909,8678201.19,1.25,-0.38,-0.03,0.74
2025-07-10,000668,7.98,7.85,7.98,7.76,17595,13788156.0,2.77,-1.13,-0.09,1.2
2025-07-11,000668,7.88,7.99,8.01,7.85,10179,8080353.0,2.04,1.78,0.14,0.69
2025-07-14,000668,8.06,8.06,8.25,8.03,19644,15989792.0,2.75,0.88,0.07,1.34
2025-07-15,000668,7.98,7.77,7.99,7.66,28512,22182350.6,4.09,-3.6,-0.29,1.94
2025-07-16,000668,7.77,8.16,8.16,7.75,39920,32094955.45,5.28,5.02,0.39,2.72
2025-07-17,000668,8.18,8.11,8.23,8.0,23045,18712793.85,2.82,-0.61,-0.05,1.57
2025-07-18,000668,8.1,8.13,8.25,8.1,12563,10242658.0,1.85,0.25,0.02,0.86
2025-07-21,000668,8.13,8.18,8.25,8.13,2027,1666507.0,1.48,0.62,0.05,0.14
